Eigvals	3
140.3332728985994	106.0218888255697	45.70983348194113

Proportion explained	3
0.596346630872256	0.3403835285446023	0.0632698405831417

Species	515	3
b21bbc630376fdeea3d592a807d5f0d8	-0.008695798558422563	-0.0075967460551685795	-0.009194840872218474
14c60835717629d1ccd771574cc98365	-0.004088808429717816	-0.005651021540462098	0.010128963038066985
n2	-0.018019442690925702	-0.02336045557267724	-0.0034081886217345314
7e464b9b7f9ca86103a675a09263efec	-0.016733313526112625	0.021983747672137878	-0.03352703098308017
be2b7137d2238967f5541f26230dcbca	0.05833930811749163	-0.06467932422887772	-0.08217971182820892
b719b2acfaf766a2ada62b3ebc892acb	-0.0074821885514071915	-0.027275571143250802	-0.005952557626226965
c2ba82ad21732bcd0ef11c61560cf91c	0.03135386440545705	-0.01774853420025787	-0.04762080774097241
n7	0.01974954943512443	-0.10043767402110991	-0.09186242597943539
e6566e1e8969e8d41859c9999b464d9b	-0.004913024902229502	0.0011064938670638333	0.004102832545913906
n9	0.016099845529250624	-0.015096043732987572	-0.018922949476930913
b959b7f49b64d68af7a2577c1ee807d6	0.0011845167597396118	-0.0002883466761390347	0.006943657978672008
ab7735f727055a734ecbce4cd37cf6aa	-0.002374790142261518	-0.018470546727616794	0.005776885998273258
64286fb19f06c675804bd7625474554b	-0.00035913824370946505	0.008796913883377314	0.006528214241051748
123249ae7edc1a5664e2a52fb41d171c	-0.00035913824370946505	0.008796913883377314	0.006528214241051748
n14	0.029856933600778394	-0.0007339164137174632	0.032022563815267205
e61d97fa82b67a440b2315d678d299eb	0.011727506268013985	0.017756373882654417	0.012130922401966397
250a576e3788b3f444938c7b08afb2e3	0.0752120594803936	-0.014459079622015775	-0.0847140044215263
n17	0.011174920955962446	-0.011139614051115758	-0.009927475787014245
n18	0.012426447940971029	0.003448900097224248	0.01694767894203575
n19	0.11437056730132936	0.02225508090489995	0.021192668203743256
f763108e7b770c7a263b24668aba8b2b	-0.00035913824370946505	0.008796913883377314	0.006528214241051748
4d53cddbfd3d4bd31f5885bd6884990a	-0.0003591382437094648	0.008796913883377314	0.006528214241051752
eedb6e6a512baecd8df273d5495ca5c0	-0.03734467423240037	-0.05663943589731605	-0.04771560946153513
120319833d2d7a19e2d3700b4a704ae0	-0.022283854896480243	-0.026177139430458782	0.0014194636511588115
n24	-0.008707986848449227	-0.012527245221910408	-0.0022174249980396825
n25	-0.011814900796253757	-0.015280251772171686	-0.0012459260820799636
n26	0.1160487415831682	0.0253854639681497	0.03388312864952722
n27	0.008297870857644853	-0.005319755345355834	-0.0011746609288732872
n28	0.007177270127766933	-0.00759987669164531	0.00017531773264042633
n29	0.11263571893247919	0.023001606446985085	0.023608773657478512
12c715419aef32143be552666f6099f4	-0.007209057408611157	-0.0040592262666034615	-0.009354592903187174
4ea83b7a4e7f45d4ae146e7a034018cc	0.006715257263370696	0.001671244792282387	-0.010301362614612187
n32	0.11686645806922037	0.028806616570588243	0.03257563036041866
n33	0.0009558579166408514	-3.614524803277277e-05	-0.010189763222967342
ed32eeb458a2b9bdee12e2db96fcb98b	0.0236755104329796	-0.013435689232223068	0.007261548172664814
f9a668f6c0e2112c51239d0b7c9b9280	-0.006139213509000322	-0.015421052320373062	-0.01097317947674845
n36	0.1196356475935484	0.03872033318918235	0.08561193930589611
n37	0.05744673191496975	0.01773412281404308	0.03764638818068047
bc6f21affc11d8c4a5d6454f728e4add	0.007008787195946094	0.01745245176891417	0.007620926827682222
n39	0.11412211904239687	0.0358851653924452	0.06717146916770546
41f01f3e3cbf6beb908ae1ebb553208e	0.0022986158430454073	0.011183772822792773	0.017181033242724665
n41	0.11401749098586612	0.03706570133583131	0.07344326011132074
645dd8b575c7e7c0952933bbe90b4bb9	0.005533501301861783	0.005318749105533837	-0.00670948926173489
7e1b1aeffe7e6424edb6f1436728c15c	-0.000674871653691148	0.002272099070807856	-0.00531969153652735
b3e560c415dd505b1e13ba0ba5dba6ba	-0.05184834806487386	-0.04462169604170161	-0.037831240302064556
a2f39bc23de50b91c6a65d69f7870f3f	-0.12823475739807852	-0.06488647736939553	-0.054589686311829366
a3e5ab62444a87b5da99bb7d1d12f8f6	-0.011365485303775269	-0.02095956393402501	-0.002304869164524242
n47	-0.18910393541545528	-0.08145651937681032	-0.09130252125437156
n48	-0.0032816105770168856	-0.009201628868643237	0.010427957400698903
8420e612ce681b013ae1abebe20a8f78	0.005152409515068419	0.0006102189916004761	0.009600098721089318
e924271260411e885401de5355fc6814	-0.0003591382437094648	0.008796913883377314	0.006528214241051752
ca369886ea9ac3b7f46e4b689d923412	-0.0003591382437094651	0.008796913883377314	0.006528214241051746
9c7b78c7bd978735f1b2d363cb7c54be	-0.0003591382437094651	0.008796913883377312	0.006528214241051748
84143a32a142a2e05f3584b3efc8a96f	-0.00035913824370946505	0.008796913883377314	0.006528214241051748
6985cade0eb836e21f149f8dbf0b2bc6	-0.00035913824370946505	0.008796913883377314	0.006528214241051748
4850e848f7a0c8155d94fa520f2bf995	-0.0003591382437094651	0.008796913883377312	0.006528214241051748
25be8565bb6d4b0ebcfc117225491be2	-0.0003591382437094648	0.008796913883377314	0.006528214241051752
091a6fe437c9cd2484dd25e69c690bf6	-0.0003591382437094648	0.008796913883377314	0.006528214241051752
0f898170dbe4592000abdcde0dd2ba2e	0.012630107486938671	-0.022266181095739006	-0.10087092368053732
n59	0.041421627577172195	-0.02398178057128579	-0.07939159233872763
56ce7d1a65fdef6654e4e2e83040f18e	-0.007160366965314299	-0.002670900646037131	0.0027296392435446916
n61	0.04626653424193394	0.016422139223023286	-0.006132525441203594
defa302fbc7847b6b5074d0d0b89a917	-0.00035913824370946505	0.008796913883377314	0.006528214241051748
a1d1764926bb0e83c87746990041fafe	-0.0003591382437094648	0.008796913883377314	0.006528214241051752
76677892a4dd300bba8b7b441734111b	-0.0003591382437094651	0.008796913883377312	0.006528214241051752
c0a220e90a423d039e85bd49c6b0f7a2	-0.07506398892337746	-0.10379164134326324	-0.03517226183640479
ba4cd9813ef84446b4d39b3b2f7967fd	-0.09534707436786928	-0.0745546837347793	-0.026831583733663265
1a3ecc0c9e2d8b3872939f568b0ecfec	-0.026572184566246368	-0.01654241017571044	-0.01844659721701463
n68	-0.001659300802453249	-0.010023000349541506	0.0030387011079871912
n69	-0.04783300948570929	-0.03311371055459501	-0.024500473171756274
b5c3abd1c966bb0457d8dfe34c35b160	-0.016647653629405155	-0.022480563543674396	-0.0004330139213307386
n71	0.02233770021481754	0.0006536555841079333	0.011702230773090367
n72	0.0177806294596068	-0.001988398753175421	0.013597512294498716
n73	0.05424139122259155	0.03332037553124992	0.05378832429765745
n74	0.03703801545928981	-0.0037236321508670157	0.008501495310832552
n75	0.04926759402109139	0.018841236740697927	0.02570034955058658
n76	0.05487808856618123	0.027324488249631265	0.030205053126710953
n77	0.06096180105692101	0.039175263143615094	0.08384680368593912
ca39c1dfb5e738c293917a0ab7391c33	0.005593998946764606	0.013726086460641884	0.03269772685054251
n79	0.006043019838883129	0.01003784174253836	0.01693459296236342
n80	0.06170029948830177	0.04094340780732545	0.09539513626116473
d8ea989212e8cd1f9f7bf44a251c13a0	0.0022184407285183376	-0.006425932316763989	-0.004120477730996953
7d669e880492b330a9c9c649f65c2ba6	-0.01949925427792848	-0.01654366627333407	-0.011763792163993569
n83	0.06023414673539696	0.03331800763034715	0.05954826719928072
n84	0.019508994722738256	0.012921291177555482	0.01597745808881345
n85	0.11295068305070108	0.03415934700418459	0.06111536671473767
n86	0.06018016755764182	0.03207193353542744	0.05553987113468419
n87	0.082466592860092	0.038112843713206786	0.0978820359198608
494975433cf1f940b003816db0232f8b	0.009536880548817734	0.015896929425812254	0.020130399806013707
n89	-0.025327806797412204	0.05144500758962344	-0.0012640675644222232
n90	0.08265299096350404	0.03545184023268152	0.08467550970597976
fa1db397af8990ba41f0ecdbb3edb893	-0.0003591382437094651	0.008796913883377312	0.006528214241051752
e1c330afdd7d0e11de5686828f0e5dd6	-0.0003591382437094648	0.008796913883377314	0.006528214241051752
154698c357bf4466181d2a3750dfd74d	-0.0003591382437094651	0.008796913883377314	0.006528214241051746
a1eb68b0d24005ba889e3b7b371153ec	-0.0003591382437094651	0.008796913883377312	0.006528214241051748
51a99ed82e9ae5a91d506be3c7df8845	-0.00035913824370946505	0.008796913883377314	0.006528214241051748
n96	-0.057090858676069355	-0.07710791714105131	-0.05082357647588616
n97	0.017149178944632276	0.008535802362695603	-0.01042079867778893
64c062cc30c6527ff9983d28a21b5524	-0.004769902465035312	-0.009869299226293893	-0.004353665705237745
d0f4e1ddbaf535c45acc903ca3367ce0	0.0026255571532843303	-0.023324335517147615	-0.006080600370174837
7e37c37ed99c3ea20b812daaf265056c	-0.04719907354590353	-0.03001241222810853	0.008101556045531772
n101	0.0006100025230230157	-0.0086259242051005	-0.0008372656492640817
n102	0.04565153253697802	0.03430603740434616	-0.01713410151990643
6c97b88c463cca7614de1d9c0b3d541b	-0.0005314220905034717	-0.0035099588314074018	0.003574330475884056
n104	0.029047353833628515	0.012751827074946683	-0.022086475396752958
84474e67fa0b493659a7e26a52aa8894	0.0012127513579010569	0.006601998860268677	0.007253894502520423
n106	0.06700286150734754	0.03514192453417853	-0.0005805200000769534
n107	0.03160081107547272	0.011143264323774597	-0.024511429221827235
83b33d4e62f2966de49db7cc6c47dfd1	0.0036207227444568376	0.0012871360786182787	0.021122265014699444
e7e7687f1f2196ab6ea2ad9f93e858e9	-0.0016375434646699488	0.0007317279945093641	0.007338440281627057
b6597ed0ca2addf7349b5e40cf56bea4	-0.00035913824370946505	0.008796913883377314	0.006528214241051748
a888ac1dbf348edd3bd0874010f30e5b	-0.00035913824370946505	0.008796913883377314	0.006528214241051748
369fbaf59b969dfaa6af5bc7f769fd49	-0.0003591382437094651	0.008796913883377312	0.006528214241051752
1d645c234614ddbf579edb05c466abfe	-0.0003591382437094648	0.008796913883377314	0.006528214241051752
1a117227cfb94f3196ec36c6f4bc8bf1	-0.0003591382437094651	0.008796913883377314	0.006528214241051746
90ea6a57c53b9e8d47dd56ca8f0b55f8	-0.0033266405318008833	-0.004873160670591268	-0.00358238389489276
fb8ddfb6886f3b08315ca8bbab50a788	0.0007792694048077644	-0.0061046667425219865	-0.006858689628961976
n117	9.600630381724429e-05	-0.020321126945705443	-0.032936380455738434
a550440c07634d574b0478021376109c	0.0005058672559749514	-0.0065707626676092925	-0.0007368693733246319
n119	0.00032869086778510807	-0.021454715727776467	-0.027456481706351406
c99ef27a6a99d35c3da0b2889c5b22f6	-0.0022660616834208774	0.0041120802397839745	0.003069992904180457
n121	-0.07576938362273228	0.055084947162353085	-0.013821726066229478
n122	-0.007398213373858741	0.00445566197770408	0.01928076435279868
n123	0.010431696307935149	-0.015305948443091463	-0.008338205961645933
n124	-0.06708118073848646	0.04395469754738991	-0.012616343492548752
eba82e05b99aa73e8218f157d308efb5	0.0016033453766186978	-0.0017071595807607958	0.005158125205097958
a447929d1e4c65043f4d64a314f2fa88	-0.002780973303896304	0.004128896114171889	0.004605648170613229
d5d8e2716a11844a2026bb0722de1073	-0.030609354375903425	-0.05521394830784833	-0.07072770515256585
ab6e0cad1e50436eefb43c3766ebb885	0.01036065234090752	-0.07048637398091594	-0.028610019992278492
d52af2ab32fe93301f13cfcc445514c8	0.007806753581404547	-0.006318706941464828	-0.0067494906976793625
n130	-0.010668005033628948	-0.02293994651583206	-0.02510002450460635
d6dd3e31efb998491ac861a748c7ee7d	0.005388298594692049	-0.01201884598037475	-0.00021257390157891444
17ea4efbae7d1e0cbb854c63c30043ce	0.042385364573284345	-0.06689572662907704	-0.011818332685579493
n133	0.03976575856280577	-0.052578630393859835	0.001126176465187268
c52f4175a66ea8380f82673ea0b55507	0.0004200158682835811	-0.0034901255489056607	-0.001293839347852681
n135	-0.0013944282348374235	-0.011713303199804464	-0.03149327211061981
n136	0.002521641859136354	-0.002269974750679797	-0.007076369540058242
533250322e715fb120a413f565c97ac6	-0.005335415156008969	-0.017973750004007298	-0.0065537901699501315
56e77a877af617f8aead4a4e885c1e59	0.02703149817906085	-0.10082419173723954	-0.03988154237122945
aa579c7585c44533cfbae41ca1f97914	-0.004644015374129007	0.004115389933681414	-0.0035169921257222816
d800b9455700a7c2dc37b49e9cd39f14	0.02908915497995554	-0.11056746171855748	0.015917394605520087
n141	-0.002506930155753244	-0.021749579286930283	-0.004691476182950898
fbfb2d87e3e9be223ed36852513d8bed	-0.008340245419041634	0.03334417615667273	-0.037223851116394854
n143	0.011888831410575678	-0.0021960238810569597	0.011719559378552227
n144	-0.017904617016358374	0.0619942903266875	-0.0402877502120854
n145	-0.02298471934056696	0.0321874057747862	-0.021283748088207245
n146	-0.016247502798957866	0.0655833924276257	-0.02921003344378344
8daab49003dfc975db2139efcdb6f57a	-0.009301090578245593	-0.07873667795689324	-0.018550331049964015
6cbf5794e2b31fa991f3a4656b6d051f	-0.0007336817009799897	-6.554266336983544e-05	0.006085506372492333
632a77028290d1ecbd9bfe2958610b8c	-0.025143371258049895	0.002367602883636951	-0.11002813397656364
n150	0.0004141528353795253	-0.016346665599597576	0.0028491202132343452
n151	-0.026690454893385063	0.03656684161783625	-0.04490735193376255
6d7f5d0d0554164cd98834472b956eec	0.00039969640760291627	-0.0010749130785122191	-0.010604417871098976
n153	-0.024386072246771556	0.04807839896652588	-0.016325844673808137
eddd987cdbc6ab0e659bbc6abff65db5	-0.018414105411369237	-0.07164070778394427	-0.04997597456986774
n155	-0.02416847596488589	0.04744308729262182	-0.014975702435824466
37d30f8109745b8f48bc05352fdb0b43	-0.03132355929732833	0.018713657317940575	-0.009562782052570296
eded7214e8c99bcaeed92cae1b849d42	-0.0003591382437094651	0.008796913883377312	0.006528214241051748
1e5db7fe2844640a3a5a978ece66e8b3	-0.00035913824370946505	0.008796913883377314	0.006528214241051748
860379b0caea95824ac8035507127cb1	-0.00035913824370946505	0.008796913883377314	0.006528214241051748
039c68699ee94612d7145fad033c2d14	-0.0003591382437094651	0.008796913883377312	0.006528214241051748
1f34096589b67b6df0bcf87c4cb372ad	0.04692019439043862	-0.043843414187433156	-0.07453993120286247
n162	0.047994338435117356	-0.04298847492922217	-0.07035824462618548
n163	-0.040681091121515016	0.01511811722080953	-0.008213011231867528
n164	-0.0987443319571966	0.02612307803572062	0.01517592763764269
n165	-0.03963996682964655	0.05274461198930876	-0.0063825470624135315
n166	-0.08195422550354203	0.013139662209755609	-0.023694800063737115
3c954a6edc50c1f8e1f0677f8a443500	-0.005467202430298549	-0.006928147883003315	-0.011594845603448395
acacb2e5beffbdec620589f9ff0a6c6d	0.004822758450306593	0.00484504396647299	0.0018922254865789722
a15a640856f36e99e54dacfb3c65aa6f	-0.0003591382437094651	0.008796913883377312	0.006528214241051752
6a5bebbb82a396467e373f1d294a8474	-0.0003591382437094651	0.008796913883377314	0.006528214241051746
n171	0.022994303375501686	-0.012555949070684747	-0.003597560315233362
6ceb227b31ca40e834ba203234d1f128	0.018687265183680704	-0.017581720271381836	0.0103094802873595
n173	0.0044907964169268915	-0.0007811320714470027	-0.0049246760018061275
n174	0.012535938641192372	-0.0042520473296907115	-0.0012664051537268674
f28d813d7bdd596b5208205e93b4d0de	-0.0003591382437094651	0.008796913883377312	0.006528214241051752
bd67c391458925fcc54d3f9590a94d25	-0.0003591382437094648	0.008796913883377314	0.006528214241051752
023dacb5ea66c0dde52536497db76f80	-0.0003591382437094651	0.008796913883377314	0.006528214241051746
n178	-0.002776806732506847	0.0015930034886882478	-0.01645526137839524
n179	-0.041058691582752896	-0.008660109601015431	-0.010852124373516183
n180	-0.06654553089563743	0.04650930536346598	-0.02181493588773444
n181	-0.013264751682870382	0.051537849871889405	-0.037564394385759085
n182	-0.02342395969496436	0.06271010086417922	-0.03942616003110054
n183	-0.06332716423038526	0.05829594724796307	0.03832670334160515
n184	-0.0030525445947866573	-0.0067189509098037736	0.00679689853427881
n185	-0.05852909084680261	0.05662738346857976	0.01922134339890561
n186	-0.06436762679451205	0.044841257567937616	0.0062202588647164185
n187	-0.05855911442883726	0.05245793983212382	-0.0014695370175185993
n188	0.07645931288481904	0.03289049875656562	-0.03135012394438897
n189	-0.058575002991623354	0.058619943017835276	0.04064551292681262
f46308362019ab040b078fa07b690bce	-0.011828039235736599	-0.006250200140366846	0.005507136851126901
d6ee04a675d34d811680c7f5ec9954ac	-0.0006911129403331778	0.0026130033196864063	0.004864318761199913
b6079e93ec50436dd7bbb4e9ce610fa9	-0.00035913824370946505	0.008796913883377314	0.006528214241051748
652792943c85691f77003395e5123d32	-0.0003591382437094651	0.008796913883377312	0.006528214241051748
288692960f6deddbef8335047c2b6cbc	-0.00035913824370946505	0.008796913883377314	0.006528214241051748
af7dcd5cd130f95364c0d37723fd83ad	-0.02091442404789901	-0.010644499059487054	0.0036443236823141922
n196	-0.026190554790377768	-0.03396135199804907	0.0018123910811768777
a669cdf6f3933b4cf1eeceed6cdb75b9	0.009396891667928226	-0.014425834874630812	-0.0009030616694703225
5b239eddc0c4c102c7f721bae475cf22	0.02036037815462852	0.005712306702661597	-0.03140058218257486
d4d21798076991c2d555331ea484129c	-0.0003591382437094651	0.008796913883377312	0.006528214241051748
28b09b766da0307573913dacd4645fc9	-0.00035913824370946505	0.008796913883377314	0.006528214241051748
n201	0.020738436704123397	0.016926427960888613	-0.04768719335894242
n202	0.007333610155544384	0.011646112273447109	0.0019558695698710304
n203	0.03278813807652734	0.013867124790139773	0.006204538342084383
n204	0.004092167466748426	0.03828758546704209	-0.04045943284932642
n205	-0.022817490615384177	0.027777809755621295	-0.006426849187778928
n206	0.02505389601672711	0.05367513155834993	-0.02580159004339038
n207	-0.048840167106288745	0.0636157752971877	0.0679316437092648
n208	0.01469751735161694	0.07041593665956325	-0.020422446841254892
n209	-0.0450921795074442	0.06445831840444578	0.06790226444034221
51c79d7c5c2260b32f6ad5b82272898e	0.014651879073396021	0.026538672015169986	-0.004104854855796001
5397183784b674dbb4e894429bd84c62	-0.0003591382437094651	0.008796913883377312	0.006528214241051752
20f887a0f58476d52027e0798805c1d2	-0.0003591382437094651	0.008796913883377314	0.006528214241051746
1e3fd8730f63187115f62d94d611825f	0.00024207403579862126	-0.020511458604032296	-0.002977540668459459
33f36ef1ee4ca96f5cf7b45b596495a5	-0.01164388442119679	-0.008386262259371325	0.006938918973622853
3a4c1eb8dbc9f93fbbfbd8702754c0df	0.014614778390627258	-0.00014434782402069656	-0.020282732737901918
n216	-0.007492603936066527	-0.00957257893691881	0.0017202384627543164
969732ae717bf5a9282f4781499aadb4	0.0922002849409808	0.03355407085704587	-0.04180326984178934
22934af8e08de5a0b375f5fb6ecd3261	-0.0195810421840463	-0.013292391385217187	0.003071195533139921
n219	0.10678244189788541	0.04601124586612823	-0.01173952605294677
ddca2154a95a110099539ad402c7a54d	0.0021339509182651995	0.00634812765595095	0.005765016314485741
n221	0.11001860777713368	0.05029916038703498	-0.00167050477634394
0e6c89661ef78633efe0c1814d5af39c	0.012073709169578544	0.02304661460318276	0.018419157086804944
b9370ea036a7d444de9f09517a65a564	-0.0003591382437094651	0.008796913883377312	0.006528214241051748
644049b2fa1363e0134dae0ab4a1ca50	-0.0003591382437094648	0.008796913883377314	0.006528214241051752
n225	0.10502610715289139	0.043869732520026336	-0.015779569841440313
n226	0.008345505348701751	0.014351427274898763	0.022265681316765772
n227	0.013822899322184095	0.020459487298913483	0.0011895322503171013
n228	0.10487311599612656	0.04929525705108192	0.013072648141909142
n229	-0.006218388703674686	0.01380270799054117	0.025149841665601615
n230	0.10128325847161622	0.043105134363249344	-0.0189941984051966
n231	-0.04504341878584737	0.06387236292095247	0.06360609598734075
n232	0.09847067474109442	0.048787551042192685	0.026724273365140494
b67b924653e2ba692fd3ea7c8f75c2ee	0.0024407573790788577	0.01757087779087395	0.006576296082450228
n234	-0.024933322799286565	0.05641857468295534	0.040734022639167554
ecd7a4f5f3d286321123fbf1a6eb3c11	-0.0003591382437094651	0.008796913883377312	0.006528214241051748
1a8e53c0b7b6fcdafb74235f43126d61	-0.00035913824370946505	0.008796913883377314	0.006528214241051748
n237	-0.009278843765876746	-0.003086982808990674	-0.028479851429340466
44190ee4183dfc7b7c32c8a7f1415bfa	-0.014278285400536595	-0.015486860844775935	-0.001972883112457932
75c4604f14f39774966b90bc97819161	-0.007247009946858633	0.0022865102454707243	0.0007979049933834495
n240	-0.015328214282271877	-0.014829002275680542	-0.04360070860031303
86286586dd4c70eee9a34dd2ac04b280	-0.0003591382437094651	0.008796913883377312	0.006528214241051748
4031f03ef7014c9bfea4a76928609d2b	-0.00035913824370946505	0.008796913883377314	0.006528214241051748
n243	-0.013725967798698224	-0.015120003388193573	-0.04278439296664975
n244	0.00867205887423548	-0.008556373040695977	-0.0036354129775662963
83916fb7ef06573f9a415f9c82eac68b	-0.00035913824370946505	0.008796913883377314	0.006528214241051748
5574b5e564ed1ffd307fcbcac325fbc0	-0.00035913824370946505	0.008796913883377314	0.006528214241051748
9347c6735661942a7940c1732e0702e1	-0.0003591382437094651	0.008796913883377312	0.006528214241051748
5431ed7169f869c1284e2f134b84de72	-0.00035913824370946505	0.008796913883377314	0.006528214241051748
n249	-0.10874269842145229	-0.09985087891217947	-0.023967400927894407
n250	0.003158420390993448	-0.05692744137602311	-0.09441350076745679
n251	0.03292662175995601	0.013281562533062934	-0.006988825569303982
81b95cf5e2e0e3f7579b7dfa4b2ebed0	0.013053247120830285	0.0005363388549195099	-0.0111121132448917
fa5ab44ad5abfc7f67225222ed2b18e9	-0.0028986639397527818	-0.005556234651175004	-0.0017009300676192993
dc7779efdb0b987bcfad3b4a87f1b1c3	0.013192168351050642	-0.013361699677399452	-0.009067849311499086
eadcb68ceb94c198335f64abd7f442a0	0.00445796657777927	-0.025747649894826734	-0.00743125909733777
n256	0.001126111527074274	-0.020609894687290076	-0.02320598180236877
n257	0.04994931860298051	0.005385279394315515	-0.01470702778246401
n258	0.007129385441200306	-0.002475132129678207	0.0036563644349297286
n259	0.05285048083104707	0.028295080633199177	0.006007705882617783
n260	0.06522362398637362	0.023838186403023716	0.016875985540950586
95a420bc584b42300a487a5f8621bb2e	-0.0003591382437094648	0.008796913883377314	0.006528214241051752
5733aa5932117f674b51857ab7817f3c	-0.0003591382437094651	0.008796913883377312	0.006528214241051752
26de4690cd2c89c490c37a8d1418d67a	-0.00035913824370946505	0.008796913883377314	0.006528214241051748
6b6544b1bea60f490b571296f1b651d9	-0.04210140575450947	-0.06191661561231955	-0.03123968332958112
n265	-0.044660532365953215	-0.06716079857393997	-0.08316398489580684
4d655cd5df4a6376419cd6b5de5d8337	-0.0012565327090410896	-0.008810889877696081	-0.0041133021406931335
n267	0.028502448866404777	0.015860928907977915	-0.02092559211788862
n268	0.07150948272799797	0.03647175840402704	0.03451878382727527
n269	0.05396768648503853	0.03994912543202189	0.0032640571694963266
n270	-0.02494310631964929	0.05659259786413451	0.04207844038497478
n271	0.07120795275576347	0.03825215868166472	0.023999861938082654
2b19a6fb1cc75370b9e97ff4da6d2892	0.00467540479779631	0.005438496736038384	0.006758746259792615
333726b64486fdbc540c956ca3abd415	0.007565783428964923	0.015407081271152397	0.0013092254631645508
ae8c7fbfbf113428bb60eba1bd57bbdc	-0.023059130198040487	-0.016013805045678543	-0.018996654703509412
493bf601b1d7137420798443128a313b	-0.009400105167596599	-0.01046801371158729	0.01415060242167653
n276	0.007990987603339491	-0.0010141763051926482	-0.0013383672628100667
n277	-0.0030692348203665994	0.006119654974659971	0.0012569309196215255
c5bd025300b4ef0c652dd11cef56ac29	0.0011884819477321195	-0.01254446021431087	-0.01709349943732042
7e9e99f1f9f59575dfe8b0ec29a6b12c	0.004673858693665993	-0.012236961298140267	-0.009721732136469263
73fef4bd3bc34aa1432a7156fc0bb518	-0.0009592180769005185	0.010136949426775869	0.013611205709457203
n281	0.00341721263819462	0.013759725797507524	0.02254206768509086
n282	0.010650209812915198	0.00510973989484521	0.0005246326156534394
n283	0.005916725624740112	0.0013261367119280529	0.009526628140269488
6b765d5bd94a919b64ca182d3e71a0da	0.009963490209738707	-0.06324092881994126	-0.10968939918594899
e7ef92a29e265a3f616b477f54e462dd	-0.048385431156601204	-0.08248493815319023	-0.028207684127582674
n286	-0.006993636303906202	-0.01676208734391076	-0.026524256218059192
9f109dfcb2f1ff4857ecdc77e42a739b	0.04494393027733097	-0.06957211727532454	-0.07313060961581934
cef7fd2a2e258d6d9272b04906ecae38	0.04124193833533826	-0.02169978238473554	-0.015730557692811217
n289	0.0018728893838873776	-0.012400268481919356	-0.03355193311436871
n290	0.03837921661251618	-0.03938212381911643	-0.14728557331830652
af972921ecfdb7a8dcb9a561ab98a355	-0.006173360451337829	-0.11038116037920234	-0.017640364979736787
95251fbafeb9956f566a3da93d145d63	0.02078731784283407	-0.006210709402379276	-0.018544553882045997
1ce0d1cfa2c68160f70e20616d2d4bc2	-0.02870437194747007	-0.014899292890806921	-0.04527769140452687
n294	-0.008154506372801141	-0.003643441735746356	-0.029569805724044666
n295	0.013040985221942306	-0.007165237856067623	0.0012576977130535974
b6cada6727ff2cfd7a9030266d599534	0.006506011771166404	-0.023513294211812686	-0.0006043023025774751
b9d3219b7cadd26a376d15e1eebf106d	0.1790767894911113	-0.0988417611880749	-0.035173004730322206
cb3f42ad378ddeda014d895db355586b	-0.0069041429839179855	0.023850847853914343	-0.046402111783138945
a3f75d1d06acabb57628e1ad2010511b	-0.014385732135717555	-0.01810157756870188	-0.00023135431943264493
n300	0.03111136045897527	-0.017167247761401456	0.004454139351302696
n301	-0.02336574150595048	0.04972311335553361	-0.03718775825156994
1e2270e7a0c8c2e951edc6813b58451a	-0.00035320738983237083	-0.08855473215408764	-0.02841021912869569
e7b81c3cb2374da6f1de09a8c954cf7f	-0.014943384250972322	0.009814175479288825	-0.006514299154722109
c7724cd29323e7cdbcf29601a5a6558a	0.014182499261822128	-0.021377192665768284	-0.17274538057163966
64847e8d761ac2ee605b4968afa45012	-0.011745966501504859	-0.06503981781613626	-0.07111097155695122
50f52805ded98ee19eabffa9d0241e89	-0.0016900720266972138	0.0007799674740206763	0.003598326587560531
n307	0.00024329374424457081	-0.007619047126846447	-0.05306942505708417
n308	-0.03884817035182536	0.022430606367678175	-0.017046987569900227
n309	-0.003414469364096071	-0.003264668875852902	0.013189083114611526
n310	-0.026947635029894168	0.055185372619959	-0.014111586374432362
n311	-0.030929644118532724	0.021339884228408962	-0.02568344710300069
n312	-0.011091272919278304	0.010191210876637118	0.04361354111751178
n313	-0.0337465101172756	0.052793062937206446	0.0051319822887165596
fa202bcdb1a1472b3a509ca0a87eac4e	-0.0012261714315322946	-0.0020359417109178835	0.009943741127034764
820d3c5095323f85949bc959fd15d1b7	0.005988223523170992	0.0008962588001670476	0.011165196985647458
n316	0.005025476096185552	0.0020641795881451847	0.026326741377429436
92fb114641e27921122496428e2ef0dd	0.0014154451389304147	0.005620645426174721	0.011297179418740923
n318	-0.02813726737348441	0.03621213443400914	0.0051213748937909385
n319	0.0008138674795071178	-0.005491324398166229	-0.005482926973502586
n320	0.024348450900011497	0.029314308869088732	0.0171902021255696
n321	-0.025164135240538822	0.043278047430596524	0.06747855681910415
2e0abf60a52d7bb7c8f94dfe71530a73	-0.006359727104442572	-0.015892696026878306	-0.00568775322543782
095a353a5d899299af8396854470012d	-0.06063935483257011	-0.11505337260105158	-0.010233077744567476
710fde900c864206b05bb0b4b16e6f0f	-5.420599536966624e-05	-0.0046110799985342125	0.0033010020850506912
9485c40b0abeb5e31441b9704caa3b24	-0.005895087192185473	-0.01134253271638894	0.004434963104851358
539b3bdf2d754be3e42face24e56e2b6	0.03375337654556373	-0.03912525702297693	-0.015008579704887715
59195848263a87f8d9c17a9735717f2c	0.007579123095882238	0.004291128258702541	-0.180494018605699
n328	0.01459557143682568	-0.006935759968171553	-0.00687307681637561
968a6703d40ad20694bfd26ad005729d	0.005902277978091879	0.001875688141903443	-0.011962834719812512
n330	0.016323720904525055	-0.003361344185237422	-0.01793962722626281
5431c93e93b57f0b74748eb702ea1e72	-0.03248441659326273	0.0033006920454073125	-0.01019348690686553
n332	-0.012336833342133365	-0.026727896982222235	-0.0019164342101477378
n333	-0.047781088967163966	0.036168797060594594	-0.014638180941801795
bc220f0642fc0da8bfaa703b10337cce	-0.01238595280842447	0.027717829105083653	0.005285258146529118
n335	-0.043332820803175735	0.03358533377254447	-0.016707763507527184
n336	0.017621765237030327	0.03390587990855033	-0.01886290369643565
n337	-0.044771372352948105	0.03682279784804833	-0.01880352235491316
856bb7c19ce3af715fdcade5520125be	-0.006923677432949612	-0.006321568691410276	-0.003238324034068784
n339	-0.03317425362541494	0.0499962855874404	-0.017755895705066818
908d85bc0d55d2150a92bf48772b2b3f	0.006073049473251893	-0.014297899638563193	-0.0032593799348862133
21d47f8c6080e17ebdb50ed42f35e2b0	0.08758835712166686	-0.09634182176369137	-0.020218016164860807
n342	-0.033723957289541986	0.046967999710363625	-0.023424050426810797
n343	-0.02903648413933649	0.028536116192029334	-0.0012473051598678822
6d547ff67cfe5d9e34df30bdedd05db0	-0.008634953898766983	-0.004790324038360171	-0.002226607612439485
7c821085a5548386a8d91fe359fa3ff3	0.00481177348316077	-0.011567733140728047	-0.10590980658151772
c7fe8c5f65f8eaed352dacb33037e7de	-0.025389619835361053	-0.03147016200402103	-0.015184811103571
1cd30fcbf9157649a8933f4b41240f95	-0.006758376887811042	-0.011978457949292762	-0.013477430011987406
d853186bfd98a684c13fe432ce8d5455	-0.005638473365847233	-0.02889788072908285	0.009783190073894506
1982d602ae789aa6922c84379e82f28a	-0.006841294429671725	-0.010197785198797922	-0.001166076038103832
n350	-0.008291858737804334	-0.016017951475448895	-0.02747336215095429
n351	-0.013370402609676695	-0.055406244898837255	0.008905418074000956
aeb7c3b23850fabd43d8f27125df5efa	-0.032325699845958615	-0.06015845787073689	-0.0773875758630736
082f5eb2bc1e2ada0d7487422568ca5c	-0.007178407664100569	-0.019621172823081654	-0.03433842647786701
n354	-0.006085620343511948	-0.020626934361284082	-0.01246227954168798
d883921668800f4a00f72001c77f3993	-0.0024739791840674933	-0.0017915778659230446	-0.0008798202392868604
n356	0.006766690932471978	-0.012380940293598179	0.006212776313205329
4679cc695527888b23df9e041b1e7465	0.00595088329674056	-0.004423668976505447	-0.0060881695663387615
n358	-0.005116999418923036	-0.01737645338889127	-0.026064772715652006
n359	0.01455809118197147	-0.01032965962821847	0.017766526793417923
n360	0.04512957037893072	0.031356479277408665	-0.06090901951763518
n361	0.022956580418079915	0.004464441275387228	0.010488284590282046
n362	-0.0437700819454437	0.05267734158383436	-0.0053124713814456884
n363	0.06507603742515289	0.05618226078807998	0.04471604972976901
564e9f4d70915c0026898422d57b1431	0.001333476874579304	0.009309577826981715	0.0017509214742960242
de45ad795831b3ac0aae5e49cd078ff0	0.0013847346520776426	0.013637814237294502	0.0049752543118274355
386a607b118090dd71bfc8b4b4081447	-0.0003055257997789942	-0.007646406431802746	-0.12441758298404285
0575d30b96806f9b9c7bded7304336c6	-0.020515863444155485	-0.015259503025781447	-0.010426229071633299
n368	0.0048238997342933835	0.0142011605611746	0.0009898084703513544
afce1dc2c06acb90ad5d3da0fffbcd02	0.002216072906096578	-5.956266780958058e-05	0.013318954538735309
56b08b3fbdf6bf8b41c0864c5c53c524	0.024976487904076486	-0.00517142372904076	-0.11781208341504382
1c6bf8efe709f63c28e0225da6870395	0.0035620962898249672	0.014569090841533397	0.009492871244432616
n372	0.017001302445050423	0.023507329287421063	0.03797435967624816
7f67a4e077b4a086d3d6e5f50e9dde02	0.04463539439104281	0.016599461521562706	-0.01171438786849407
n374	0.019889728015513832	0.022269583157963877	0.028944395713433567
8ba3ddead74623ec33330d15eaff5457	0.001032947230285535	0.00037132210237924977	-0.0002648281171021992
75e69ac35f8b5786cf860f3f0be74929	-0.03812161602547781	0.018770535493042244	-0.014035961373000777
n377	0.01866640697800405	0.01999913729718387	0.02276719588053535
4481bc66d3a54f79e6abb8b557a2a104	-0.007376048372780267	-0.003888569556449431	-0.03782452575580939
6d60f35ea0ac713e9c0c02e9c12915b8	0.005415925728662308	-0.006721156182859655	-0.004224075960273468
n380	0.002575813618161499	0.020869930184157105	0.03074650140562067
n381	-0.00685765916447715	-0.0021717086567843726	-0.015185955061210395
2dc2cf60102ff00cd077f2304ec84d06	-0.06310661157541124	0.022225184980472518	0.03380061809775557
n383	0.002218242279725261	0.02005062895814067	0.03272661942542942
n384	-0.010511300201024592	0.02161668285390176	0.04941504889867715
99367dd6e44d7c1e44e6122763af9c95	0.0031087748501272675	0.0016975667485968245	0.008624023619740392
n386	0.007649571948809287	0.01826925577660978	0.0303508802933045
n387	-0.010079160874218333	0.03154911620079039	0.11631580848180784
n388	-0.008665640821967802	0.028228592670376133	0.0963353149359521
f2d099ef5556f02539ded15181a3d994	0.03336793353846238	0.02950353706969336	0.0428689708389985
n390	0.013473671036290089	0.031139356836319517	-0.00234244403696611
n391	-0.0062486927292783635	0.025522752035519812	0.07735839273009834
3a8a7409bdc33da14a01ec3e3313b9a7	0.0008383590319135816	0.00917513608296221	0.007081093549948802
n393	-0.005800323350482216	0.029307662884828247	0.10055679532781168
2ddd18d49a8163e0fc79e28ea6273254	-0.05031093327754983	-0.03967119740740112	-0.0023296606750738344
6bf2414103f2ae11f0f872d03d711d31	0.0031137323448470785	-0.012566558200554844	-0.014108331712507303
42604f7f8bfc866837a5370b4b667382	-0.005383651358033725	0.011993417747895984	-0.0073614619471134716
de4edf45ab75f6490e1ada65b0e0306f	-0.0015430330028855452	0.004144316164354545	0.003212084565108032
n398	-0.0014391450474059498	-0.02286329343848259	-0.0023359342883967553
e1a9800482df461df81429b3b8f859a1	-0.02186234591532637	0.032671675641765936	-0.016263129277333435
n400	0.04093445254909468	0.029375092780342952	0.010055251458077084
n401	-0.022966343958721946	0.05741533421718917	-0.033487196673549165
321b7763c5946d79f50284281735d5b0	-0.01744200176646556	0.021475017841372377	-0.003522473771467162
01491b7ad3b35c7e644dd24ae831bee2	0.007025063659793997	0.03965368636074625	-0.00898753485387707
bceeb4cebdff6adc6d1d9caf43a55714	-0.00035913824370946505	0.008796913883377314	0.006528214241051748
5dd37101a39d96cb3e283a5ec2c99fcf	-0.0003591382437094648	0.008796913883377314	0.006528214241051752
8e015fe79b48dab7a5e0049958ccaad0	-0.15417092137066915	-0.14178053129173468	0.04328019879578182
n407	0.06185251157460381	-0.1715481328291095	0.070978026418368
2128aa4b835441846a28f543aeb54ea4	0.01743357889617898	-0.007741919170953875	0.0011641408674374428
n409	-0.002136029391733099	0.001697554544232309	-0.015081509709312735
n410	-0.04398692893869556	-0.1672623500337154	0.026103336044993885
a67690654fca1914946ee270222b7247	0.24693733363755455	-0.02473091100871115	-0.10958710630366321
n412	-0.002537242518446014	0.018582246572664156	-0.016115418448368227
n413	-0.039538373434856826	0.04929149550401431	-0.027497810349315036
95c08da59378a0eb674c2b7dab943428	0.0092618557153417	-0.1316697611606775	0.011669367619287928
2a28982df1e6b16f1f7c772d76746276	0.016683015250783334	-0.14050888547803367	0.028909378814068375
97a57a74dd327e02f6cb1a13d75ba872	-0.00035913824370946505	0.008796913883377314	0.006528214241051748
87c24218a43a5cb04641b02044a0fa2d	-0.0003591382437094648	0.008796913883377314	0.006528214241051752
n418	-0.1278954794713978	-0.26943946876611163	0.25510205175981004
64b82a5c221cd7df209d8d2bc596c43c	-0.04896827356164067	-0.1840228490025438	0.1188836884248044
n420	-0.003469374657221988	-0.02093582085664442	-0.011678239352032788
n421	-0.16247484245062974	-0.29715990005876025	0.2776175657154159
984e3e68a3376adbd1e6867973760352	-0.00035913824370946505	0.008796913883377314	0.006528214241051748
2acfcbc6a33c11d5b421751838b9da4c	-0.0003591382437094648	0.008796913883377314	0.006528214241051752
n424	0.1937103600890926	-0.19176744213784405	0.09785776545463082
8433051769dd1918d070071b1b803727	0.052662782042991525	-0.03019592609309108	0.011143641664456251
n426	-0.0020921437941308447	0.0012667610290925048	-0.02915567040927395
n427	0.2407532322783213	-0.19349129425207093	0.07736540107920735
n428	-0.010919999844201589	0.023434552029222237	-0.04144852910874441
d443336856d0f92cb7d7905a1bfae7b4	0.07948475928519319	-0.14297309556054333	0.051855252376690614
a51b92ba3872e90f671576ad08b59ade	-0.028255043386069795	-0.04609349876740973	0.015768559564297055
6a49b0df18b1abfe220ecc00d5cbf296	0.0732655879371557	-0.02217797866945328	-0.014898198164942532
n432	-0.019415048097526862	-0.002582985776200109	-0.006708696823383548
a46191a689dc2198a522ebf5b27fb677	0.2053318323250385	-0.18721392089320016	0.10451700494440486
n434	-0.011671054795657625	-0.010303968200275546	-0.007829682896778455
2094eb267910dcd8989f988b3b1d22cc	-0.155616226624674	-0.13926326266918196	0.03333337251154488
n436	-0.03225883835521844	0.03606891831424475	-0.024061968771190056
5c4a1032c65d0d99d6d6bee379b63a2c	-0.031235650575535165	0.03366042730021804	-0.021727655382860644
n438	-0.018560720171605354	0.05231514863483154	-0.034457495676570006
n439	-0.039336898160784436	0.04561827098545971	-0.04609628917919503
n440	-0.026578786272030325	0.03860074505959755	-0.0571284296957888
n441	-0.03744698065519028	0.04639324577477229	-0.07596396214717757
f55e6f0203460ecfb665c9dbc579b714	-0.014393223379171852	0.04527769078130073	-0.02064161799135197
b73c9d186b67a61bce0ba79c990aef39	0.031365222537877664	0.05358214122729309	-0.026560853623836186
f4145532e866d175216ac62b605e3618	0.003951151307945698	-0.0015817554118320782	0.011293419727823582
6960eba3db7d4d863d042ab497d7481a	0.00910288702836954	-0.012548483298379605	-0.011664368165992466
6545176af2fa076f03140433793c0d00	-0.04386758647979611	0.020019445802188014	-0.020532565245203114
8ec58a12417250f652a8b3329977e0a6	-0.008590123853409504	-0.02917797742424655	0.006021421384007524
c15b2ef2b0a8c6b118ad3ca5888ac29d	-0.010797005843848316	-0.024800554575655803	0.0005747360416455457
e0d796fd003a90c208a860b61bedda67	-0.01968523059350812	-0.04401888007229446	-0.13119783502151444
n450	-0.03733550961199458	0.016995259526283876	-0.018810482872588
n451	-0.011071605466131257	-0.007614540162052197	-0.013418316327897419
e9361b0dc4d98629eea6fdb8259ec598	-0.017990602314927124	-0.09393419463551804	-0.07083263499547737
763a2ffca073e1058cff4aafe0a24b09	0.01046555953438667	-0.04159699404231673	-0.004434824732375914
n454	-0.032904148036035016	0.011172609481007977	-0.04072181537363931
n455	0.001794818876886766	-0.012950814707137345	0.007886286621063453
d2a7d567b64364c09cf4bea1e3f5aef5	0.0020140809732311017	0.006529448831083694	0.006886511868428975
n457	-0.047780739972363345	0.038176228970908194	-0.014403805702938343
52981667901a8700455d3a590021916a	0.001383480782858622	-0.012143393461005176	0.007349314456819682
a6dc1381785e1b7f4b5fd90c66bc60dd	0.012704467164413391	-0.03863202220871892	-0.0010564853695501691
ebc68f0a3a40711c1b0df994d93a6cac	0.010625003739515023	-0.009193573279886041	0.004688922675572401
n461	-0.0010982976917584544	0.009502384437197193	0.004755570173207406
n462	-0.03882754146786543	0.02194789391222673	-0.0390874863884807
n463	0.00377916498582207	-0.02402034809857127	0.0018315454535822043
282277b903dcbaca10b49e8255a34eb3	0.02078278223062566	-0.01192578327823975	-0.025405394574241277
eee2b5b767ca11b78056ac467fca4b74	-0.00032749898002510356	0.01671103599317859	-0.02446778258097989
e0b0817162b44d0e17a1c50486839924	0.04074924918541174	0.02443538743391831	-0.04259589064742302
n467	-0.01792957379454146	-0.01920990704861522	-0.155261574927022
3fae853851bfe19cdb50e15749f373b6	-0.09269141208931629	0.010153120011596833	-0.09856664109930155
5e2234f3c03666523f77e8fd60ae43d0	-0.009711566998152657	0.010176118805205437	0.010196585564872815
n470	-0.09575148621507569	0.030055671853824028	-0.01151476966132072
5279cf5bf096ad48a90a13a9caa1643e	-0.010825291850080172	-0.004733207747841536	-0.005653596689360483
n472	0.026370120156937918	0.00710759293385272	-0.17356252177321052
n473	-0.0907287072930827	0.0324172422541873	0.01530097939742231
f89c7fdb6fc99d4c1577b053099f4770	-0.04414483113553932	0.018258821849305416	0.024891857349009804
n475	-0.048482048366612907	0.03837948301812703	0.05633498871488796
c999bc0690786c190aff3ca4be97320e	0.012586172887328438	-0.026722531312766223	-0.0045572281086354565
b93ced05698da8acbc9b96035d14576a	-0.050323109122787084	-0.07528119440909442	-0.048863782931766984
n478	-0.04995527359470919	0.036608157293429144	0.0469742342828023
n479	-0.0012548975823232543	-0.0032171188933921755	0.013883877910650216
n480	-0.04957703135322483	0.038934118166738474	0.06279009358512201
fae1d9c6581c575b636026a54716625e	-0.028543646950371405	0.004151018449630121	-0.014399901335612655
719ab97ff4cf3c7b809b054134f4dc70	-0.09930721878525878	0.06833962381719384	4.204097162380709e-05
n483	-0.0494791996427367	0.040841756547638774	0.07496426347126763
n484	-0.0411239832995249	0.03817219999397444	-0.015952438642556493
n485	-0.051337828142014603	0.04419641247146288	0.08855661651390398
n486	-0.0003570596257302986	0.01451174514737172	0.018021661608579945
n487	-0.0509763076600028	0.0491322750560655	0.11982967290423494
n488	0.006059509748937328	0.07543850056650966	-0.02685633436226811
n489	-0.05110300142301469	0.04494559211467624	0.09292410314690716
c4228a5878f56464e576996e95eefc5e	0.02650835364176184	0.03431188891786625	-0.01022941179888932
n491	-0.05008974675576534	0.042221338708373926	0.0684931855889147
n492	-0.03729305638268351	0.05640037665884845	-0.05566945086502356
n493	-0.049882842112438944	0.042077750629912744	0.06705294372107481
c38ee4acf990375c9b9df651cf77bf7c	-0.08504561348727424	0.04319165923358684	0.01167260027976391
n495	-0.049191359073905254	0.04844746385389892	0.09780959889785194
n496	0.004719894919278298	0.04886011055052448	-0.030027210963992516
n497	-0.04954563463003903	0.047763272774598284	0.0930744454937252
304a3df568087b761af6bca76a3816aa	0.005009460880229602	0.014732699143516638	0.002715655534601124
n499	-0.049007677429782334	0.04580679972854208	0.07900244428532696
n500	-0.005765959259029674	0.029782581601630855	0.10365791745310424
n501	-0.049208009009004815	0.04085166683835676	0.04637660293679056
n502	0.026398758772595697	0.057581810339433534	0.06221295746183844
n503	-0.03244359454054432	0.04101506895056378	0.0979984474634668
n504	-0.022162983855282304	0.031027609923358533	-0.011621928362896912
n505	-0.026236263246782417	0.04429814284372753	0.10776604362232468
n506	-0.018891951534061084	0.06464223269837936	0.10499847045670965
n507	-0.026334822591771768	0.04003757681995469	0.07851436838776867
n508	0.07996988226780868	0.028314787686388107	0.03931578775021782
n509	-0.0241697873406717	0.0474616897463555	0.09593872435189636
a99fb503372ef5103fa41e0c743bbad2	0.004795116147253368	0.017557683575445123	0.06892219022790089
2d11d2ae39cc7a5e49968d3672655900	0.0009523988486420561	0.020609376906717613	0.06407164478463047
n512	-0.005095724600549346	0.04379601719646725	0.10901781492542569
n513	0.007583476342040694	0.006408981555470477	0.0755355039337096
n514	-0.0003591382437094651	0.008796913883377312	0.006528214241051752

Site	320	3
100062535	0.02182702347179098	-0.06541602016493725	0.02970261049927926
100343135	-0.1003981285004697	0.04747110630354079	0.0695604002155916
101249635	-0.11799498557678045	-0.015823075292164035	-0.010597716846325267
101670535	-0.05745071032446396	0.06872812085502242	0.024770653441877122
101783232	0.04554861952984855	-0.06840747832650163	-0.007745746783714674
102497135	-0.08538042200512136	-0.06966913147422009	-0.06284488650186797
102510535	0.06134900293477255	-0.17239470720635805	-0.12590045819647347
100306735	0.015268869944371781	-0.09218278358147482	0.025235718891026892
101019535	-0.021663924174113353	-0.03808960061187923	0.07197426643581173
101672435	-0.06569674528516338	0.0762035691482359	-0.0989171248650664
101890235	0.08175855597194524	0.003014213291378173	0.045545209986120425
101899235	0.1295853024049938	0.02181008026420683	-0.08785353056974755
101938235	-0.011404067642633523	0.020669224733607827	0.03209170122166082
101947835	0.08920212244995784	0.025573501757684542	-0.05280639329298405
102341635	-0.060747406349066724	-0.03067383031019466	0.04725589513480315
100166235-2	-0.07257943938449705	0.06002796533057037	-0.05573457253976391
100477535-2	-0.10783676405828564	-0.04630237999474924	0.02086544444153878
100835235-2	0.03927064880293414	0.006600259405328775	-0.014220822101229944
101233635-2	-0.09523165195008244	-0.04117619177989411	-0.061097392211908304
101296535-2	-0.007151006968579419	-0.032465408093625026	0.04410465993889559
102193835-2	-0.06389530412244974	0.01132606614287259	0.055477415562221355
102196135-2	-0.008125451736070974	-0.03667372602550611	0.017080822469903133
102401635-2	-0.004998935655666946	0.013757701553856704	-0.07840259524341549
100046235	-0.002407401046036854	0.0690003689248294	-0.05711721853242375
100063035	-0.039318011975836294	0.07024920427300571	-0.035800394249192916
100076135	-0.05953358689021766	0.0805926772071354	-0.07510984554844576
100090035	0.016750055024461353	-0.018828792918343246	0.05058915728360594
100090235	-0.05660654449987439	-0.028300154851279225	-0.0069940923513535916
100099635	-0.016337078528142878	-0.009051613245515159	0.09351481350434279
100182835	-0.01582079549639092	0.010139980289515346	0.0063271799060601545
100194535	-0.012400887339499579	-0.07178077176518331	0.09470717887401706
100243935	0.04230891718964008	-0.10629968954255883	0.032207042643807575
100254335	0.06554171104757756	-0.023406004198105367	0.04339459013488426
100291735	-0.06849486176940543	0.015046646984441227	-0.00016422389879518952
100492135	0.06334095433688743	0.019196142877465648	-0.06425892372260804
100515135	0.012878283233014135	0.06474279669326703	-0.01771011650376664
100604235	-0.054990508163549466	0.03218893523295936	0.017898287898295253
100604635	0.04489834362169392	0.06959145161112361	-0.08399525801835867
100609535	0.06654282672943024	0.017967878032271484	-0.03685528799188157
100610835	0.08378837435536081	-0.0436341000667378	-0.05693668244029694
100681935	-0.038313960757894575	0.049691807404488766	-0.047112316436288076
100685035	-0.051555320559231385	0.0198665259793398	0.049149785511951295
100749835	-0.032574325115332696	0.031277483558504536	0.03483171232468924
100837235	-0.04196765800956536	0.014899547129729266	0.004849348371288753
101334035	-0.021369756374824512	0.026200970402844744	0.0225996691569749
101357635	0.0051649159312170895	-0.007721351709634998	0.0980314605171779
101558635	-0.061663322545240117	0.027684698102733458	-0.019506267606497187
101593235	0.10591514006300458	-0.05038314906525495	0.027821965732606188
101594035	0.03558265275872219	-0.07015733650772266	0.06889711986883548
101643835	-0.06369453962998144	0.0039416647872559125	0.007463765198832994
101905035	-0.0485334584345098	-0.22099753502427552	-0.22452905500331571
101986035	0.10047178329084208	-0.04467667882845473	0.0029827759160902627
102030035	-0.050643869008096344	-0.037502633706116825	0.00271415403346624
102140135	0.12795641314187367	-0.048830175578520575	0.0006710943578940708
102166535	0.08387018676864985	-0.08600235267703545	-0.023438206342062378
102177635	-0.022008568633442718	-0.03685261095956841	0.07044324093651179
102190035	-0.029698679427274343	0.013093545678661207	0.07436189434463532
102233135	0.007050921709191292	0.030574430033836277	0.029378556158467992
102253535	-0.04818431634464932	0.040469429508790955	0.015222356176827788
102497835	-0.03820874476275871	-0.03760568731135239	0.024032469127014275
102524135	-0.007227184632955944	0.0018691881541724514	0.010019868147185513
102536035	-0.03671987589082719	-0.0013145834110264906	0.011902285273293083
102566235	-0.10083653245950865	-0.0679839558081658	-0.09447717187495759
102615535	0.09568547697830412	0.004127821163708913	0.033199097126401976
100002935	0.07350664057963492	-0.03212451214769299	0.031314565393906035
100003935	-0.02411851201081967	0.010496417190860287	0.0964921354298398
100016535	-0.05322423014077302	-0.015836397420099638	-0.0015967011196406779
100046635	0.0010989906396934113	-0.0032092856861797338	0.08063187315592558
100068635	0.048582095161506904	0.07238692036468242	0.0707154158749487
100074735	0.020469261146354105	-0.003345411298050595	-0.19259279146860953
100083435	0.03362537708237645	0.05330226856401529	-0.06297605516832289
100341835	0.03926742943168444	-0.061573522670756844	-0.02753999111642596
100344835	-0.07380572145041114	-0.009642663689150895	-0.015436580142853085
100396135	0.02883179075141991	0.05905044111823427	-0.04223714546946533
100431135	-0.02707156672223211	0.0057224470553237546	0.03857156164202664
100432235	0.04459840957451408	-0.010445119017325335	0.07171787425115925
100476535	0.006254751002052123	-0.006806735462574471	0.08900683835100064
100570035	-0.03105105740872356	0.04039344501978377	-0.03156698569364463
100582435	0.00041239645396432044	0.07360977339340534	-0.07481228268574816
100589235	-0.05551964849285045	-0.03820216391991285	0.07471829717664678
100597835	-0.1188746240853521	-0.0013779994120617374	0.024260511940859913
100598035	-0.052827320591585174	-0.09340731980263983	0.036691079019590254
100638935	-0.03779329743404994	-0.07967413362663725	0.03861088398459897
100766835	-0.023262479326710828	0.04115707142223931	0.06251011710596088
100797835	-0.08368274641499619	0.005549749182776464	-0.008151873228287433
100804035	-0.02094572729598121	0.07540167221293208	-0.046382213187373844
100831735	0.022749467046575565	-0.23425512973275928	-0.17034267248546084
100887835	-0.08464805268174107	0.004327038317501113	0.05499494876640837
100995935	0.06265121850586702	-0.06735930396336452	0.06757098467707613
101020535	-0.005749410629497021	-0.040126214774473555	-0.026345288612099033
101023935	-0.03356844430796129	0.02213533481430206	0.03644308212022168
101038735	-0.0553257690913791	0.03560956752362433	0.04130956941840032
101096535	-0.059433485498425906	0.05875973438401519	0.02126592715484693
101119235	0.00756795156691542	0.0036892013881106548	0.06749023168832219
101159335	-0.011394259403028063	0.03249387770042976	0.14955890820692355
101242635	0.030349816164183054	0.06201157870450075	-0.038036835596936866
101304735	-0.10756181922197902	-0.015155586247595979	0.03321353019570251
101576835	0.09563638659975704	0.013765795426662182	-0.033996174321100116
101637635	-0.02836104757653058	0.0017886249868352645	0.07975984526675302
101867135	-0.04564764271582015	-0.06165700825833042	0.0260338820474204
101907035	0.11264502460073293	-0.012470714853991751	-0.0246851447241597
102208735	0.07542079555247455	-0.03344862105516314	0.07427965921920804
100053635	-0.02784996279296207	0.044732135489851776	0.0667349609135775
100055235	-0.00997924619711526	0.06088644587729445	-0.050983605756725434
100124135	0.053731631794693174	-0.016442177904731375	0.02377393646442259
100128835	0.08882178044644834	0.03484865921427108	0.034765356339768315
100138335	-0.016994641300451356	-0.16050838934020276	-0.017804425192602297
100228235	-0.11551365076621237	-0.008725429939315694	-0.05398730034262462
100236935	0.03550115846375052	0.04598718599025629	0.07460990522826313
100386035	-0.07821644074839741	-0.0028907394711678255	-0.01727848033928454
100528735	0.04430806670354769	0.030644888549542965	0.048795415026295
100637835	0.04180619095402087	0.02495729116222967	0.004346215070949917
100638035	-0.013267471209869269	0.009523348344022943	-0.005978176708079232
100712235	-0.029253796199515684	-0.1461224045536338	-0.10893860434838751
100713435	0.04521016456463249	0.06708943953395957	-0.08997258542028203
100735535	0.025574812286082303	-0.04699491000801046	0.0884315504291525
101234735	0.01832590829391443	-0.024238683467596646	0.03531870187979048
101391135	-0.060643090531399754	0.050288109221736745	-0.03331166442013145
101399135	0.074122751494353	0.05652892565747016	-0.10533098007284744
101402335	0.059988219784880524	-0.10195579702873966	0.013907672112907268
101692735	-0.033271367904257554	0.0299584450903017	-0.027606944894610897
101779732	-0.062340234240057954	0.002026395438257713	0.0037098632953863585
101920335	0.028371367273257116	-0.0027329986727407363	0.00932312554490561
101974135	0.05399028646948577	-0.10464242654468178	0.013892851693319339
101977935	0.023752747445850802	0.002822231705708749	0.043363201467740496
102010035	0.003474761605257122	0.01855814452275876	0.06445335226334221
102027535	-0.04680334364683826	0.026306745311484334	0.06403709182071178
102063535	-0.0540871696661019	0.009721855717315287	0.03941660776081599
102081235	0.06998624353334665	-0.06990145061865452	-0.05618669157265398
102082235	0.07272818222943887	0.0112123990866537	0.05103969671869401
102125035	-0.05582295299908248	-0.10009297116420426	-0.0253722501218919
102209535	0.015464588802123041	0.04386955828069958	-0.012401132530037265
102271835	0.07550170810551285	-0.17047373947956823	-0.027087303529371658
102272535	-0.020635754918929244	-0.006993539828864231	0.03477832265027952
102273235	0.06881718711943899	0.0485528273041533	-0.05403717881619039
102287135	-0.05349787153204918	0.022145476010194252	0.04354690926075008
102291735	0.022025919189873292	0.007407163303982882	0.09729019014880619
102292535	0.06514104103200201	-0.015558522266067765	0.07011603795384458
102334735	-0.02387715628408236	-0.16945795339320646	-0.12467300496133528
102336435	-0.04060722344039699	-0.0916896234583162	-0.07581822835481528
102404235	-0.0846113694152853	-0.13742729810398732	-0.055669373505997245
102551035	0.07879167369381321	0.04988206354923245	0.01327829778567591
100008335	0.059892121049161286	0.01349848669062785	0.044734969722555515
100022335	0.03222085003864803	-0.028732536247337022	0.0761913830026212
100058435	0.028388914631116677	0.04099425600930276	-0.0008329769752015887
100059035	-0.028896346238619953	0.0006031522007171168	0.04335308733969694
100064135	-0.03208673584731698	0.006987276918904467	0.011032070784817513
100070435	-0.09642080886238347	-0.08397753355051994	0.00041854504058863774
100127235	-0.10714911083284487	0.04134716660730181	0.01762651464941536
100220235	-0.048670453127329295	0.07668241825720148	-0.09267491547680896
100220835	0.022630204212594606	0.10795687688950216	0.03172156553967842
100234435	-0.050052116948931656	-0.06294397614496276	0.010587384193144391
100468035	0.0530345824152559	0.07060361492423194	0.020876394768831224
100578435	-0.05813504642802833	0.04278290778027365	-0.09012214717211939
100579935	-0.02412057637085896	0.026953537889310198	-0.01888891959304977
100792935	0.11056083879465092	0.026831930689064462	-0.041610784052972534
101286435	-0.013742016119275759	-0.1578127490518408	-0.09086870051739135
102389135	0.07205036979296844	0.01684979445932765	-0.057371374260038
102499235	-0.031618698055358906	0.05160579410295228	0.08288387973816384
102588735	-0.02199045823666608	0.030663749805756178	0.06260056838550761
102268735	-0.009971677335461167	0.0038500460955677904	0.0032442588007271676
102161735	-0.011020424086782749	-0.050660823407792176	0.05194465627459265
101997735	-0.07828395630289216	0.07112268085666681	-0.08028040183846416
102119135	-0.08623619397481476	-0.022830793958675485	-0.019410889503454824
101581135	-0.025815645099284554	-0.06525396233696767	-0.10859065333047548
102226935	-0.004427781261656544	0.012941955473874146	0.04941790624743326
101008735	-0.016921783109989156	-0.08530768639251653	-0.055903512731596786
100886035-2	-0.012045206896127295	0.04666848287017243	-0.04759412032191473
101998235	0.06224087748201341	0.050300358991084454	0.021609320207483042
100102535	-0.03609343821439559	0.039625102614475174	0.03737452981780472
100220135	0.010854551919758242	-0.05133829072568898	0.048606152610960865
101506535	0.007163610733826271	0.05846051276965527	0.07652611190787013
100153535	-0.03537596174355932	-0.018649928565527444	0.056803787357508205
100060235	0.01785651228765476	-0.08123910442514634	-0.039908442726524856
102148235	-0.0012181413469670008	0.002195164673854459	0.028983368242024868
102560335	0.020859355468592494	0.09222085288251315	-0.03185984801300578
100230735-2	-0.06993822689617721	-0.022086165477635283	0.016386669716699585
102394535	0.024934076025699175	0.03865729181550628	-0.08157825345668933
102151035-2	-0.05159573325504439	0.04215865281352571	-0.1305083933935853
101564635	0.033060178782366126	0.05997445182980468	-0.02746780306629712
101645235	0.020927040432526058	0.08490327166870594	0.05197556284101206
101882235	0.02708176394327419	0.03962048909261169	-0.03316484171213817
100733235	-0.06263962064991833	0.004529181283625004	0.04568932180127409
100706535-2	0.040980265697456254	0.045693524359619875	-0.055475516202631796
100607035	0.07318548707228324	0.03488968906694597	-0.07794714398229764
100115135	-0.027872201718611326	0.06314533026839	0.0022509061456341684
100303935	0.06343040964631795	-0.026009255273673308	0.03222379346528695
102343635	0.04984177069105892	0.0490271400721893	-0.040291277938431874
100164635	-0.004372082005906872	0.055252329379653395	-0.0072402457239984985
102157635	0.08257606253716691	0.0026811838090212295	0.012980011940657501
100163935	-0.05846782521509024	-0.06251147135453375	0.02634854143119148
101561635-2	-0.005842545282485817	0.02064986611673757	0.04538447756601628
101887635	-0.05836147534145159	-0.08517396173271902	0.012389055445820061
102026535	0.020132630325995923	-0.03082072181659061	-0.0028894272820447825
100994135	0.0492727850606082	-0.08247958297971744	0.03000265605157497
101166435	-0.08569186657275944	-0.024080601125585868	0.0422540210848034
102181435	0.01635578552897982	-0.006777763777025977	0.016193249817333773
101972835	0.016151002236516394	-0.0730537849677814	0.030152197491666758
102155335-2	0.010626007999326673	0.05468484701806813	-0.021342382987848862
101024835	0.0528962944041764	-0.03542625670838422	0.07240582991245179
100364935	-0.013865579389709325	0.05204820482176382	-0.03966743893527003
102223635	0.011878298186259592	0.04615834578789348	-0.052263516926573
100367935	5.941410783457597e-05	0.04941996887463386	-0.06753965902996244
100524035	-0.003195247557438538	-0.016794013755539343	0.056936302088678274
100272235	0.06107482805733092	0.04782840443037298	-0.04806801692581275
102249935	0.056633748042734744	-0.02256944914942177	0.01114235897524912
100030035	0.07955317861706543	0.021908337458621776	-0.01910867519706099
100299535	0.02709864933990099	0.024087259326875006	-0.0035614619652638963
100118535	0.015136504888695388	0.04645283022292186	-0.08876825544837204
100723535	0.0066378946677968995	-0.012728434165248813	0.12529468916409173
100572435	0.056800212540654045	-0.014160555372825432	0.07921250627879585
101884435-2	-0.07289385053629174	0.01189936296539995	-0.03103521951258827
101981335	0.007300004316279887	0.09686670326089261	-0.01389212975126205
100883835	-0.028982787263568736	0.0735328233759083	0.01264546277217493
101914535	0.0027093709608189557	-0.10492761709065969	0.003957571333412625
100713735	0.017282713656019896	0.0022099848372357915	-0.015212690387475638
101901035	-0.08164177067276358	-0.02771010367380149	0.007532614906572244
100017835	0.021213697960411455	0.03736678844693238	-0.03048964958391163
102302935	-0.021699874273415548	-0.1026890485841128	-0.03567652804977621
100391335	0.0738736286881587	0.05496473939778243	-0.07416924708829448
100335635	-0.01726089567825505	0.02579768197191775	-0.01756789428874437
100691935	-0.034283462625022514	-0.03497785984301595	0.04603778633186904
101913135	0.008688228839864294	0.020248836003487206	0.05945718409070238
100802435	-0.0719009046135955	0.0944472207206047	-0.02899025739635421
100336235	0.01354966412374361	-0.010053503465686914	-0.017250756195400042
101517835	0.06132526023755486	-0.05314260903835235	0.04819126688300695
100242635	-0.10882098297797269	-0.03462393419454601	-0.011754745373776394
101904035	-0.036072197291520294	-0.012742899955023274	0.05757273152508581
101986235	0.020396421017977503	0.059052873512072834	-0.03865817738967816
100139435	0.025176170873921946	-0.0030987400538625013	-0.009029046048428543
100147535	0.040141372427020885	0.05241771177166199	0.0016816213625529077
101121335	0.06205467954055639	-0.049114587091112966	0.0032685275759351427
100602835	-0.09510890574771091	0.01808957916047865	0.011355770107820599
100382135	0.08523937004619545	-0.025176939814821796	0.00897739049448328
100565435	-0.07041846624876835	0.04429081213212117	0.0424928404370402
102066435	-0.00787001161244285	0.0313893358018528	0.026348986317334823
101402135-2	-0.0605897244028432	-0.03338015224138119	-0.09166574725429048
101350435	0.0148642757418864	0.04304374735051539	-0.08504387402553872
100715135-2	0.0063317432072398485	0.0971701970965807	-0.06635045635359597
102010235	-0.01713195204319627	0.04149667554203017	0.05059680022962579
100146935	0.011022889732118641	0.044428440456298596	-0.025781740866168693
100066235	0.06430519618233305	-0.0331898588445051	0.062217431591567784
101564935	0.037863762682978884	0.022482829344591032	-0.05895199958869342
102125535-2	0.06549339634629471	0.007097781788603933	0.0024538908008104945
102097035	-0.04687393001200994	0.05030282884368512	-0.04370355550108741
101536335	0.03278063520627385	0.05209503159971561	0.03942591181586211
100123435	0.07662945018764197	0.04961588821902563	-0.0564947190944108
100080835	-0.02936275973798706	-0.026212724854916363	-0.035501736616902646
100467835	0.049980864492985916	-0.022532695559631038	-0.047856692218082815
102366735	0.0635535978542586	-0.011598067700030294	0.05225698383798453
101559335	0.0390209747668108	0.043965944375074915	0.018104050549338998
100146735	-0.05380422809926253	-0.1096192866017161	-0.05447267581506323
101041235-2	-0.0695424079089525	-0.018334655586283135	0.04151091167977675
102281335	-0.013255441495089827	0.0006033953673849175	0.05765987317139061
100182935	-0.05836442832169825	0.004705886193097341	0.03641125966351964
101513135	0.0160158771914866	0.010038631871797214	0.08068169108623274
101262435	0.028569448946046558	0.02956512679512375	0.10146729604143641
101669135	-0.0754233556242783	0.032603780166937775	0.05464287015631361
100117235	0.054434005829143116	0.06327400489319772	0.038001067414346223
100076935	0.05098096961151274	-0.009292723164349728	0.05780085049152398
100496735	0.061414849811869884	-0.03836357429733269	0.017137651731015374
102042935	0.07872431491439745	0.04295396226012715	-0.05137941480496451
100186835-2	0.09175600979597828	0.03120903479309574	-0.06274591294113185
100113735	-0.015269643577328249	0.0388070630640295	0.09658464368568559
102238935	0.012468980781450402	0.07125831285948613	-0.034829133720649726
101987635	-0.06710046587843163	0.06409720678342348	-0.08100537898785183
102089235	0.042541323371419866	0.06914125377685744	-0.056222217533905654
100072435	0.07204862762027221	0.024366801490741725	-0.07699613014767812
101025735	0.06678148058061377	0.06239572106277581	-0.01873929268129891
100744235	0.03904918691604155	-0.06240459324865701	0.0033214652941264567
102137335	-0.0377615312839665	-0.009307551169701044	0.03407925514743374
100854535	-0.06581902746238563	0.061884733540144087	-0.04793078989568403
100092535	0.07418844903847541	0.03386567085638175	-0.015470635530685966
101354835	0.02832157630186689	-0.04416443393326197	0.06066154673030015
101989335	-0.043174629753454666	-0.11406441037364143	-0.030875335208611368
102149035	-0.07833240356766205	0.026246208049146756	-0.010684609494998913
101237535	0.024654156576804122	-0.005996336833261494	0.027481116274999957
100147835	0.04062516909653529	-0.056597295805793986	0.07449716383710374
100432735	-0.07800695811353782	-0.05381163667343338	-0.015617872506553826
100494835	0.02031390847526925	0.09589755290327048	-0.020674750549036558
101558435	0.11018698742546927	-0.004552886774249788	-0.05800716143493594
102033235	-0.06039731894756698	0.022065866293139877	0.028842334770068437
101505835	-0.030081065024875613	0.06347165244082302	-0.028503902180746943
100260835	0.059304171023717996	-0.05313889663771208	0.029597937831351503
101281235	0.1339402101875404	-0.0545300035028582	-0.05080996503692154
101883835	0.04444489448723867	-0.00885701082765651	0.05014345959277791
102208035	-0.016885603316444245	0.08408443883816084	-0.03418790349817722
100073835-2	-0.05442212675181095	0.004755398615670085	-0.05778954029474922
102140635	0.024575463825462163	-0.052005114720822844	0.10609446512641475
101635835	-0.08326115390820787	-0.043200138975022055	-0.014413647529037786
102192035	0.03722100587490407	0.05017655808371877	0.012407913548064637
101043135	0.03737398788587238	-0.0747600528349334	0.014855887874950964
101012535	0.009259308657873052	0.07927576842404875	-0.036721981946266254
101699835	0.028948968169579366	-0.03280005982220285	0.09059636263035888
102273535	0.004419874737205198	0.09986886866655327	-0.07775889323531923
100166135	0.05872378630335606	-0.025350018287925352	0.037832259281478015
101949035	-0.014441003539205586	-0.032689631349769384	0.03515436859701613
100604935	-0.08682706788950885	0.00491036428702472	0.015448519585469986
101399835-2	0.037312117332108784	0.05241509726892986	-0.11165365400066614
100566335	0.06263129248211909	0.046518543914359334	-0.029256636138782755
100306835	-0.0032760538459555536	0.06388371711150567	-0.022687098811875885
100245135	0.08882752003885258	-0.0033960110550896195	0.04556698732573701
102066935	0.10617006863954014	0.016190721212861425	-0.05359316391030648
100588735	-0.07794523868519536	0.030658260016427175	-0.01007096709470841
100079835	-0.10108270618936108	-0.029785192898892802	-0.018014175254362646
100085435	0.0201841889295605	0.022162178073955072	-0.11915562920357167
100756235	-0.07052455349454302	0.019010071269485406	0.06874945074888796
100974035-2	-0.095709110412467	-0.014271637666912855	-0.0661807151755575
102213135	-0.04105526862478845	0.04458121493378012	-0.09111251307682058
101043635	0.12451732469138231	-0.052238646203962215	0.02698985648238896
101910435	-0.017046945331195395	0.028465071565481025	0.003940144881635165
100023935	0.08302489633945052	-0.05431607294951173	0.03224908097958283
101355135	0.014764880513850762	0.06185738645530481	-0.06064604549236728
101170835	-0.07780865478961871	-0.083576724748648	-0.030897998171231476
102015435	0.058202873632107494	-0.06780757076795976	-0.021582919683875
102226135	0.06603919457325792	-0.030821120238853337	0.03936092844333515
100306235	-0.04698313536036492	0.04930856739850093	0.005883425073536179
100048635	-0.11081257590988927	0.0026189635998768576	-0.04608121763537664
100732135	-0.004689452994462525	0.010549749185535464	0.005199968176015109
100569235	-0.03554174170780266	0.019485402463893124	0.07575761062811529

Biplot	0	0

Site constraints	0	0
