Eigvals	3
129.5423163827804	76.90616547317984	44.306652524389115

Proportion explained	3
0.6805350650180475	0.2398554033390735	0.07960953164287914

Species	275	3
b21bbc630376fdeea3d592a807d5f0d8	-0.020136269858189015	0.04463710874679335	-0.03289474747532914
14c60835717629d1ccd771574cc98365	-0.009577473963677474	0.045017675086012954	0.008880656336302722
n2	-0.035929233102856006	0.07938394238987168	-0.02352849064068041
7e464b9b7f9ca86103a675a09263efec	-0.018545672525861367	0.0054635495544452795	-0.052783837497585195
e6566e1e8969e8d41859c9999b464d9b	-0.015373734253640489	0.02649230476586245	-0.005114645241084254
c2ba82ad21732bcd0ef11c61560cf91c	0.03125142120368115	0.05070343828109473	-0.05296654044708111
b959b7f49b64d68af7a2577c1ee807d6	0.007733673107272364	0.017416600088287642	0.011546429656006291
250a576e3788b3f444938c7b08afb2e3	0.15556722433709239	-0.009076120492288495	0.023533773364717438
f763108e7b770c7a263b24668aba8b2b	-0.001194336353701084	-0.010600037502632331	0.011009754279209652
4d53cddbfd3d4bd31f5885bd6884990a	-0.0011943363537010915	-0.010600037502632324	0.011009754279209664
eedb6e6a512baecd8df273d5495ca5c0	-0.0734270136048433	0.12264901220934955	-0.10510616131040773
120319833d2d7a19e2d3700b4a704ae0	-0.04291162105532848	0.06887305517067593	-0.019662924443407514
n12	-0.034189354490542445	0.04394260314871332	-0.04087796894437844
n13	-0.03163697337802349	0.05965018560054788	-0.020383489813685176
n14	0.15857413229421408	-0.013615943355636585	0.0449027673345416
n15	-0.007691932008756701	0.03570606366940231	-0.031231169269100946
n16	0.016951369188496358	0.03790504651454849	-0.030728047752287956
n17	0.1548951454945069	-0.009374268357732654	0.02867766641998764
12c715419aef32143be552666f6099f4	-0.012850885309821558	0.033539047809476745	-0.03730208165710422
4ea83b7a4e7f45d4ae146e7a034018cc	0.010963886690145145	0.015311327561645865	-0.040501204879725784
n20	0.16628023096575884	-0.018464073830013465	0.04655228446921993
n21	0.0017574609155780595	0.0250931134243171	-0.043860269891891256
n22	0.17209568920101131	-0.04084063052001245	0.12424666719100896
ed32eeb458a2b9bdee12e2db96fcb98b	0.0667872015522319	-0.0005791597207972433	0.044127914372825136
bc6f21affc11d8c4a5d6454f728e4add	0.003589656602187106	0.006292029142695084	0.0038756771145768585
n25	0.16561717334416498	-0.03420097326272519	0.0971691748983463
41f01f3e3cbf6beb908ae1ebb553208e	0.007350817695777418	0.0026538375716546278	0.001282867951865853
n27	0.16560040621992742	-0.03691118110356841	0.10622744330600978
645dd8b575c7e7c0952933bbe90b4bb9	0.00577989910504863	0.01074134416622903	-0.02600883441899677
7e1b1aeffe7e6424edb6f1436728c15c	-0.00279374424766441	0.018175538709570376	-0.02988537280957546
56ce7d1a65fdef6654e4e2e83040f18e	0.03750753936617136	-0.0007747003502628169	-0.04003732255493355
0f898170dbe4592000abdcde0dd2ba2e	0.06561627473464263	-0.003286782107933758	-0.02967378101988378
n32	0.0824123166556031	-0.03530474528083811	0.06665408927987126
b5c3abd1c966bb0457d8dfe34c35b160	0.015225488415491536	0.016583499207948427	-0.0016777198399075797
b3e560c415dd505b1e13ba0ba5dba6ba	0.0042716017539236265	-0.007021890587559686	0.01575302107007275
n35	0.08092222918871389	-0.023558477820369805	0.029321971632399982
n36	0.08733460888132026	-0.04851746477051952	0.10755001607011487
ca39c1dfb5e738c293917a0ab7391c33	0.0066158955535065185	-0.0008512693729758736	0.020637416095215928
n38	0.00629043363064172	0.0018041507143804235	-0.0023215142294785215
n39	0.09018663118436135	-0.05327566393198609	0.12385788486558084
n40	0.08705503723284194	-0.037190022309008926	0.07049838954887797
7d669e880492b330a9c9c649f65c2ba6	0.009634297713247943	0.00667668113965762	0.005023575665344851
n42	0.16371856825479264	-0.030799753658421983	0.0878334478733032
n43	0.08691971837076631	-0.03483561377231352	0.06428701269042823
n44	0.1213272856473837	-0.04812347757195263	0.1294114455064759
494975433cf1f940b003816db0232f8b	0.004803439143342715	-0.003889934439060734	0.021094460019890342
n46	-0.03186465949068844	-0.04815353827484739	7.122364488928307e-05
n47	0.12144066043953128	-0.04209354386159653	0.11030749310328061
64c062cc30c6527ff9983d28a21b5524	-0.005623793478311185	0.056159188893565214	-0.01911715936071892
d0f4e1ddbaf535c45acc903ca3367ce0	0.002259299612900184	0.06568004231445174	-0.039422990521559106
7e37c37ed99c3ea20b812daaf265056c	-0.0932058392812393	0.10395262847216215	0.012756758618313577
n51	-0.0007266402903010784	0.057860341608893334	-0.010137275346695262
n52	0.03468612348186163	-0.005396985613149307	-0.0077381540315347745
6c97b88c463cca7614de1d9c0b3d541b	0.0005191645930731154	0.028340101231735124	-0.019969799821328744
n54	0.019837952373752785	0.02988889441703971	-0.0248365572097134
84474e67fa0b493659a7e26a52aa8894	0.003674930393395254	0.018641152655397505	0.0028475101525185648
fa1db397af8990ba41f0ecdbb3edb893	0.06808279080478839	-0.02737840290225475	-0.0062267109009893
n57	0.026517043503354515	0.034701227450101416	-0.026084853587162563
83b33d4e62f2966de49db7cc6c47dfd1	0.007964557005532405	0.023042066998594755	0.0031372094760835478
e7e7687f1f2196ab6ea2ad9f93e858e9	-0.0013740489034259201	0.031753454342406943	-0.002855472138697001
369fbaf59b969dfaa6af5bc7f769fd49	-0.10462918381812093	-0.05374927880842576	-0.02217669025471002
fb8ddfb6886f3b08315ca8bbab50a788	-0.017209320410844216	0.010776036454978117	0.0004551501206751542
n62	0.018382119196178236	0.05325910773688715	-0.043308154724958456
n63	-0.09883648679158402	-0.04173876881522806	-0.032256813730585705
eba82e05b99aa73e8218f157d308efb5	0.002750591669789599	0.02648724805372318	-0.011259477193931638
a447929d1e4c65043f4d64a314f2fa88	-0.0055687901097196315	0.029456603704426886	0.0013695137180174486
ab6e0cad1e50436eefb43c3766ebb885	-0.007215466764757233	0.03407272489687455	-0.07877693896509566
c52f4175a66ea8380f82673ea0b55507	0.010401245336584678	0.02251593328893533	-0.015258128454670936
aa579c7585c44533cfbae41ca1f97914	-0.006774225666938134	0.020763366415015624	-0.019759809773593446
fbfb2d87e3e9be223ed36852513d8bed	-0.03481782558331947	-0.04157859738478751	-0.082538941556201
56e77a877af617f8aead4a4e885c1e59	0.011870841035353732	0.02839242978934351	-0.012679732885755673
n71	-0.03590605863550438	-0.06719729407299045	-0.05764297004969817
n72	-0.026132067878104084	-0.01865832922332515	-0.040379984401228954
n73	-0.03253232126163738	-0.07924216776618657	-0.04693528045421076
3c954a6edc50c1f8e1f0677f8a443500	-0.006158820751289297	0.025335118659533945	-0.016047241682767523
a15a640856f36e99e54dacfb3c65aa6f	0.04128273123929816	0.02710265535790805	-0.015603289047077185
n76	0.032933161214307914	0.03692576246072072	-0.02951355862898262
023dacb5ea66c0dde52536497db76f80	-0.0892748446301001	0.06275499394503321	-0.020147519691666893
632a77028290d1ecbd9bfe2958610b8c	-0.09425004635955476	-0.0651754298589369	0.024613822430515433
n79	-0.02546864056321981	-0.03970853029848637	-0.04554497652711486
n80	-0.04284746529672874	-0.07395339296343098	-0.06351926557485234
n81	-0.09082213097845115	-0.07164527137977987	0.04403529522491388
n82	-0.0028784237304531	0.051513493410947034	-0.0016765891486770022
n83	-0.08539647569421815	-0.0674502651213781	0.01645303254666251
n84	-0.09470047477031288	-0.045942795745056955	-0.0064605379835198
n85	-0.0857903279369786	-0.058318058480914106	-0.01386356235688694
n86	0.08692688527658428	-0.020952092901535605	-0.049401321148213446
n87	-0.08584251870793727	-0.07349720348563234	0.04631249292039223
a669cdf6f3933b4cf1eeceed6cdb75b9	0.015009085496033622	0.061281174688549926	-0.019317713852637093
5b239eddc0c4c102c7f721bae475cf22	-0.0057084756763179575	0.0076619773951665	-0.08266485868886882
af7dcd5cd130f95364c0d37723fd83ad	0.023773275278496517	0.013342125434548172	0.0030188876425063385
n91	-0.005995310196303638	-0.03374330963377052	-0.06479191964717945
f46308362019ab040b078fa07b690bce	-0.023631271049196375	0.0012143844985646511	0.003930300869614419
n93	0.019275827349269845	-0.056180670386585335	-0.038537248201387285
n94	-0.07245988020850487	-0.08581665285703853	0.08557830633455747
n95	0.007316748844573034	-0.08203175060855815	-0.022605570758065005
n96	-0.06796145692146721	-0.08753883831146862	0.08573747684676615
51c79d7c5c2260b32f6ad5b82272898e	-0.003315381169855453	0.008573157290216599	0.011962673501319954
3a4c1eb8dbc9f93fbbfbd8702754c0df	0.027019881599761254	0.023070103387049193	-0.05998572450120385
33f36ef1ee4ca96f5cf7b45b596495a5	-0.01544158043015256	0.05306030961759674	0.007225634009414804
969732ae717bf5a9282f4781499aadb4	0.1147173677448033	-0.030019196144638882	-0.07312495235089483
22934af8e08de5a0b375f5fb6ecd3261	-0.046605170008257174	0.06345479024203975	-0.008809363343554096
n102	0.13273169701459395	-0.05075815863632381	-0.02168545809630056
ddca2154a95a110099539ad402c7a54d	0.003173049902735393	0.01387591469080615	-0.008289021166074328
n104	0.13673002394424488	-0.05833773409955666	-0.00507218322731065
0e6c89661ef78633efe0c1814d5af39c	0.004072787187457659	-0.013587621642033634	0.021356933108739366
n106	0.12898794809480366	-0.04849958796793033	-0.030435791149270523
644049b2fa1363e0134dae0ab4a1ca50	0.006746189594845504	0.011484820395908273	0.021844237457452627
n108	0.00953461500669822	0.004279676691621254	-0.004300636479381308
n109	0.130589219001688	-0.06133017707740812	0.011012595347034108
20f887a0f58476d52027e0798805c1d2	-0.008133636344769046	0.004173683799539973	0.015302807304653472
n111	0.12830137941059697	-0.04688541246092024	-0.03516772200866177
n112	-0.06793353126106523	-0.08605660153338839	0.07961376774963158
n113	0.12403507310671602	-0.06294058999068763	0.028281326172801963
b67b924653e2ba692fd3ea7c8f75c2ee	-0.001111980402685	0.0010747512039588182	0.0024458757991309543
n115	-0.040484774042276774	-0.07254197210136193	0.045313887766385015
ecd7a4f5f3d286321123fbf1a6eb3c11	-0.0080723598231718	0.0236047674456754	-0.061128417434380876
86286586dd4c70eee9a34dd2ac04b280	-0.005762884829510092	0.04263281831179316	-0.03434681635671447
9347c6735661942a7940c1732e0702e1	0.027291270082979303	0.005970467543677027	-0.030696606603645135
81b95cf5e2e0e3f7579b7dfa4b2ebed0	-0.01170316175906625	0.012576501472583552	-0.05998974671549853
eadcb68ceb94c198335f64abd7f442a0	0.02281996034570379	0.09117756565528615	-0.03984382864492115
fa5ab44ad5abfc7f67225222ed2b18e9	0.0023674272219164853	0.04579701990868521	-0.01431045016523922
n122	0.04789598785221691	0.006934584378232726	-0.0590228463518774
n123	0.020761142366007998	0.042698322581032566	-0.0047240876558262476
n124	0.05504465585004727	-0.020371667410687105	-0.006672822035664193
n125	0.07793835969362313	-0.021144239273441588	0.0012634671352122556
4d655cd5df4a6376419cd6b5de5d8337	-0.0022715509693673045	0.039826859641484386	-0.030524773264889008
26de4690cd2c89c490c37a8d1418d67a	0.022781922752637504	0.0005509514866449267	-0.051819977700415826
n128	0.08872078136269598	-0.044379537868069995	0.03008106539287549
n129	0.0544987863122872	-0.03706704158652136	-0.0016917780490013975
n130	-0.040541818809885465	-0.07303294595755543	0.047167979659391984
n131	0.08979044560514367	-0.04582127898546868	0.01691750603177746
2b19a6fb1cc75370b9e97ff4da6d2892	0.004269032895059179	0.023199023864502136	-0.008136819358444368
333726b64486fdbc540c956ca3abd415	-0.011557878613262105	0.011831312788043273	-0.007358582045905755
73fef4bd3bc34aa1432a7156fc0bb518	-0.008932749759128	0.010082435778508862	0.0005940811414481181
c5bd025300b4ef0c652dd11cef56ac29	-0.001134078018456502	0.0006570933801096279	0.008781518117407275
n136	0.0022183696026221627	0.01788875906772694	-0.004169085599504801
n137	0.005380528065822544	0.025443637553357438	-0.011535530444012204
95251fbafeb9956f566a3da93d145d63	0.03588972673376088	0.02990809556596832	-0.06338502012443416
1ce0d1cfa2c68160f70e20616d2d4bc2	-0.06417479516983329	0.03685576806759527	-0.12071614955841972
cef7fd2a2e258d6d9272b04906ecae38	-0.013570844199591352	0.029234888613287817	-0.05937609999863203
n141	0.02676183581526208	0.034007304580890865	-0.03172164344377846
cb3f42ad378ddeda014d895db355586b	-0.013214877015754339	-0.0016985721067284826	-0.07657289923414569
a3f75d1d06acabb57628e1ad2010511b	-0.019846380688333626	0.0634805414504167	-0.027487403954334924
b9d3219b7cadd26a376d15e1eebf106d	0.06596001102385743	0.056604469118374745	-0.017032558000338455
n145	-0.03811120317162004	-0.049162543126583254	-0.06066066308934733
50f52805ded98ee19eabffa9d0241e89	-0.0039001744033721002	0.029111467871546115	-0.007923865315942028
c7724cd29323e7cdbcf29601a5a6558a	0.007200995666784199	0.05271155485626616	-0.09448924168590404
1e2270e7a0c8c2e951edc6813b58451a	-0.04197692926039377	0.009155889840968389	-0.023457500901249734
n149	0.0005846606265207748	0.035233686575514345	-0.005035938497822331
n150	-0.04225750076819288	-0.060526542599685824	-0.026667931957582006
n151	-0.034167286757469384	0.0014091485945750392	-0.048999418964203456
n152	-0.01045663623506839	0.0010568551224138007	0.030599485526285563
n153	-0.050279452870086394	-0.06086069208670678	-0.004129350837479272
fa202bcdb1a1472b3a509ca0a87eac4e	-0.013044025423888174	0.03531698962716533	-0.007505562646471524
820d3c5095323f85949bc959fd15d1b7	0.009860800512346423	0.019249703957761183	-0.01686109698183564
n156	0.005081205563801885	0.017414912851035497	0.006234417597420501
92fb114641e27921122496428e2ef0dd	-0.0041738266252547415	0.007632172734768279	-0.009919424227362573
n158	-0.041193502969368335	-0.03578420456194929	-0.012633183128453677
n159	-0.003512181053751535	0.03277189443704928	-0.04180211282992649
n160	0.011139901736239388	-0.022064727031417288	0.009179136435347719
n161	-0.035932108126591915	-0.055823179982207434	0.07494537305148172
710fde900c864206b05bb0b4b16e6f0f	-0.004276699145604583	0.036192876833112196	-0.019516297074827643
9485c40b0abeb5e31441b9704caa3b24	-0.01279917438664754	0.05260049383293044	-0.013024763635262084
59195848263a87f8d9c17a9735717f2c	0.026625992987847066	0.036922575377980556	-0.040154960622687905
968a6703d40ad20694bfd26ad005729d	0.014335990932611961	0.017611862293482734	-0.04709307906087602
n166	0.02901584709900706	0.029364798634855735	-0.05731022793984057
5431c93e93b57f0b74748eb702ea1e72	-0.048513196922070755	0.0298812781478245	-0.03472449043932342
n168	-0.023868764870465457	0.0797764800730704	-0.03108697755305705
n169	-0.0673951439202279	-0.01757941523929337	-0.022264312099908458
bc220f0642fc0da8bfaa703b10337cce	-0.015162535055762788	-0.012121737151905683	0.0044363813295433185
n171	-0.06542253626315321	-0.0194327861497163	-0.03378295620528651
095a353a5d899299af8396854470012d	0.0006189193422588531	-0.012701436559831133	-0.02324465277202005
n173	-0.06751345255771929	-0.02381556432161533	-0.034769418084139615
856bb7c19ce3af715fdcade5520125be	-0.012027866498031206	0.045145133018632336	-0.022094625716552855
n175	-0.05453209389409627	-0.047632980536061194	-0.030018564730911607
n176	-0.05561074041646623	-0.041892593967980785	-0.0389848372908023
21d47f8c6080e17ebdb50ed42f35e2b0	-0.029884910656859744	-0.008917309979968447	-0.0063692317493398215
1cd30fcbf9157649a8933f4b41240f95	0.009921865991869467	0.016711244066548434	-0.046296828476652466
d883921668800f4a00f72001c77f3993	0.004326675641731707	0.020236871842065785	-0.010971905102662481
7c821085a5548386a8d91fe359fa3ff3	0.03733615423581819	-0.026872234796645092	-0.10765418155890534
n181	0.022491094727125197	0.006140036155538104	-0.02558196306428713
n182	-0.06722358429705837	-0.05350288703335878	-0.012759768575772318
n183	0.07606109137671692	-0.08163159247966706	0.0471954146496801
386a607b118090dd71bfc8b4b4081447	-8.774074331942446e-05	0.051017569276512874	-0.20577619017425364
0575d30b96806f9b9c7bded7304336c6	-0.046367475471305916	0.06119283021783758	-0.038533460758496264
n186	0.008549435296904037	0.0005275431403119586	-0.023946508279941478
afce1dc2c06acb90ad5d3da0fffbcd02	-0.020080065509172552	0.022776670239819895	-0.012270488416264401
1c6bf8efe709f63c28e0225da6870395	-0.014555030167299	-0.03314101736226457	0.09400085041650796
99367dd6e44d7c1e44e6122763af9c95	0.023939428404065547	0.013411847925758046	-0.01881764527741529
n190	0.012935564729381512	-0.009688356974014597	0.018257045336117675
n191	-0.014237841072669856	-0.04411780543592695	0.13688201741925624
n192	-0.012011114542773125	-0.036187288103881346	0.10840193132480312
f2d099ef5556f02539ded15181a3d994	0.040587631042899135	-0.027956117803535005	0.04364632026778373
564e9f4d70915c0026898422d57b1431	-0.0021030084493752323	-0.01712098967056196	0.0018062487453031199
n195	-0.009277449664031306	-0.029660944913511986	0.08122480714421544
3a8a7409bdc33da14a01ec3e3313b9a7	-0.0008760982992367949	0.006929040011271086	-0.0045137332738035265
n197	-0.008717225723617033	-0.0388965699133217	0.11431344148271484
2ddd18d49a8163e0fc79e28ea6273254	-0.08812009550792037	0.11618749395753569	-0.01700014558615155
6bf2414103f2ae11f0f872d03d711d31	0.007779172420650184	0.06110104123102084	-0.03752098048724509
42604f7f8bfc866837a5370b4b667382	-0.008458476228855372	0.03567036313821809	0.0017744400074019041
de4edf45ab75f6490e1ada65b0e0306f	-0.001564907781852545	0.021707600804274887	-0.015321188310367564
n202	0.005639655579284721	0.09052717712223445	-0.0055846216092867475
e1a9800482df461df81429b3b8f859a1	-0.022286180727951067	0.0028335979104476138	-0.0034662207956850906
n204	0.02163419844311752	-0.021378018110808267	0.00024087752767871004
n205	-0.0280496033246541	-0.04229778178695709	-0.027182005155350877
321b7763c5946d79f50284281735d5b0	-0.011050158494119073	0.020973698924091896	0.012699161790279329
01491b7ad3b35c7e644dd24ae831bee2	0.007224029148355624	-0.015374956396378918	0.0025964080101249544
8e015fe79b48dab7a5e0049958ccaad0	-0.02028710058100658	0.03021004516659746	-0.04353665194652867
a67690654fca1914946ee270222b7247	0.3792684248348328	0.03665637053945844	-0.18607971252499184
n210	-0.005018449495004189	0.01778044589783787	-0.018492755213777887
n211	-0.05099916869184748	-0.04394521155446169	-0.041335266822985904
95c08da59378a0eb674c2b7dab943428	-0.009553785074757386	0.0640150232338443	-0.05061998204882015
64b82a5c221cd7df209d8d2bc596c43c	-0.14999422499093695	0.4599511462673634	0.2629431542282572
n214	-0.009223956011755137	0.03746352033859207	-0.05643031023044059
8433051769dd1918d070071b1b803727	0.027952397018333484	0.07866079154840214	-0.03257277696995813
6a49b0df18b1abfe220ecc00d5cbf296	-0.015134222920719148	0.04031950243766694	-0.00762758621615854
2094eb267910dcd8989f988b3b1d22cc	0.08166146153562417	0.533887240994762	0.3357244690294012
n218	-0.03281389326572291	-0.006041788773463874	-0.019503650446557927
5c4a1032c65d0d99d6d6bee379b63a2c	-0.039000180595540036	0.004361223387513381	-0.008761138621751026
n220	-0.02086709749949022	-0.035641085051961646	-0.02769660243795586
n221	-0.050141278102161915	-0.025633561425033848	-0.05607320915560246
n222	-0.04093969771671215	-0.03035378044271375	-0.09486987981306623
n223	-0.051201507545231825	-0.0293780677888323	-0.10445648288348883
f55e6f0203460ecfb665c9dbc579b714	-0.027638175127346596	-0.03193126152158313	-0.02417113221707994
b73c9d186b67a61bce0ba79c990aef39	0.01965948427163362	-0.038019513023446305	-0.01765751904174927
f4145532e866d175216ac62b605e3618	0.004851614507204109	0.03225962419107283	-0.007325403710843061
6960eba3db7d4d863d042ab497d7481a	0.018318092459292577	0.05368229182541705	-0.04046998166187383
6545176af2fa076f03140433793c0d00	-0.0630938134941442	-0.013049498049663672	-0.033443854042469884
e0d796fd003a90c208a860b61bedda67	-0.007626112623179375	0.03754830729120494	-0.05138955739587409
n230	-0.05590821632851494	0.011425245918517027	-0.08375474190404447
e9361b0dc4d98629eea6fdb8259ec598	0.0005290051435125753	0.051990745067538965	-0.016745477151673984
d2a7d567b64364c09cf4bea1e3f5aef5	0.003087899410408073	0.014337017689219366	-0.0072462473107819956
n233	-0.07047166935125794	-0.03127564155337945	-0.032577700449922316
ebc68f0a3a40711c1b0df994d93a6cac	0.03240037028950987	0.041609981695593226	-0.006074831379697334
a6dc1381785e1b7f4b5fd90c66bc60dd	-0.0013549888780916377	0.021993345867411623	-0.005349100497649049
n236	-0.06037876089718532	-0.0029571362488755868	-0.07382766409535406
n237	0.017675670133899504	0.07205972741574138	-0.029569430912111186
e0b0817162b44d0e17a1c50486839924	0.043545315455866616	-0.01778528154783556	-0.08580754199887579
3fae853851bfe19cdb50e15749f373b6	-0.09601351504841492	-0.02404866255081566	0.024153357175915664
f89c7fdb6fc99d4c1577b053099f4770	-0.028841002552191703	-0.015090371292621292	0.012243083067527123
n241	-0.06638578212236342	-0.04076632978141719	0.06295365160888924
n242	-0.06848393528123863	-0.036926166606502546	0.049030539880263034
b93ced05698da8acbc9b96035d14576a	-0.0077130216613684474	0.03769784488098746	-0.0013008974509616067
719ab97ff4cf3c7b809b054134f4dc70	-0.12331451649879926	-0.06272499987319438	0.009925987022544377
n245	-0.06757374046728003	-0.05066489261867625	0.10190820092847702
n246	-0.06284093636645968	-0.03139598563394379	-0.03661867108275882
n247	-0.07045238692762039	-0.05432156979324483	0.10902828075060328
n248	-0.009414319396051469	-0.0029757859318539108	-0.0027572215141094133
n249	-0.07007032896581959	-0.06664912073564425	0.15333928191518884
n250	-0.004643608768202785	-0.07786470653949173	-0.01622314522467776
n251	-0.07049219695235033	-0.05647717877985926	0.11480287003084222
c4228a5878f56464e576996e95eefc5e	0.004310790650538642	-0.005917593963542658	0.0011386577573988645
n253	-0.06958750993685132	-0.049240279472810414	0.08002559918294538
n254	-0.05096568976328875	-0.053773475098630334	-0.0794502779162674
n255	-0.0693798924922698	-0.04888671370825502	0.07793532505059346
c38ee4acf990375c9b9df651cf77bf7c	-0.100257541023983	-0.02458059884181299	0.024305062955205195
n257	-0.06824230048332357	-0.06323752578978763	0.12247396727723898
n258	-0.0043824643812619465	-0.047118279314638724	-0.047744853083357595
n259	-0.06877226744417692	-0.061458660927194715	0.11577389605204158
304a3df568087b761af6bca76a3816aa	-0.015527034091211757	0.01935766475555077	0.007456241747266282
n261	-0.06833101064022888	-0.05663193070765217	0.09561215475585629
n262	-0.008654680510649309	-0.04006844187383791	0.11873782169249128
n263	-0.06879911129032723	-0.04441588667727732	0.049036783766027006
n264	0.024358043017241142	-0.08461762641668578	0.06995896349179166
n265	-0.04568970055893263	-0.05340479422055507	0.11839933706547714
n266	-0.033887216077980765	-0.02677369788585749	-0.03909206558953216
n267	-0.038273597153026966	-0.061200805387304456	0.13207043443193514
n268	-0.031605786063313455	-0.0948981542361151	0.13596752705052378
n269	-0.03864813973244053	-0.05067431329863014	0.09022376108316775
n270	0.11774595811667389	-0.025394029757581073	0.04440180462313971
n271	-0.03649503506415874	-0.06564129522074297	0.11640922552638044
n272	-0.008772575438946753	-0.062011383285292904	0.1338994806063381
a99fb503372ef5103fa41e0c743bbad2	0.008468681283770442	-0.009456171875593718	0.09503600667417243
n274	-0.0011943363537010973	-0.010600037502632314	0.011009754279209664

Site	320	3
100062535	0.024994594092380362	0.06470570626263483	0.04403057696024831
100343135	-0.0888623750846873	-0.02498143142105974	0.17486177702011035
101249635	-0.10694637815234073	-0.02073384334984324	-0.022360193934280237
101670535	-0.06777461308815429	-0.02457199029817942	0.08214478322776245
101783232	0.04495509324700329	0.12158044777161661	-0.04448673092132242
102497135	-0.08043709181252319	0.0752912974288323	-0.04534238187765778
102510535	0.07650397653985905	0.13569068353420954	-0.10094702670194028
100306735	0.028099537372454058	0.07671922496333757	0.027929155438796406
101019535	-0.04181742365414311	0.05173179785047638	0.029946789269130136
101672435	-0.059397650308190664	-0.07725444305962877	-0.06460091988840007
101890235	0.060995670031053585	0.006211586086333047	0.01569589885447792
101899235	0.08297782748744002	-0.040225496455035564	-0.051815485002827205
101938235	-0.012228835160716005	-0.044965251489248556	0.10120812689444021
101947835	0.07116910576495637	-0.04682921535540305	-0.065929741051137
102341635	-0.04711285996418707	0.058654143902303675	0.06303863011231146
100166235-2	-0.0773783740810662	-0.07202618870877739	0.005253027723435679
100477535-2	-0.11387233653505796	0.05287337726498317	0.04297649287708874
100835235-2	0.05473655432448988	0.014625283877608404	-0.004630590111672654
101233635-2	-0.10702921235439875	0.01750241158029336	-0.05617271932286513
101296535-2	0.008539060958477503	0.061712533809523816	0.06532934071198342
102193835-2	-0.04790548790420663	-0.035689981535058875	0.0398722150965615
102196135-2	0.017345304433621762	0.0005867206565080631	0.02981032697362719
102401635-2	0.005631252896859263	0.017810595051484576	-0.021709132935300777
100046235	0.02035498502666488	-0.07403426727858015	0.013742670555490633
100063035	-0.05501924183405414	-0.06465966690568631	-0.0714073367494146
100076135	-0.057991824890306395	-0.07113854260750867	-0.051753164789753406
100090035	0.006393218905655106	-0.022156809185556195	0.033173604357738
100090235	-0.04336189967786653	0.04052375142710615	0.025318574071896808
100099635	0.006183792548506999	0.02937469591921405	0.09437687717068488
100182835	0.0036735600939783184	-0.031327459280855445	-0.007454031062985475
100194535	-0.02960395878300463	0.06645307458788102	0.061792581672503955
100243935	0.05967594412927652	0.09709416972976562	-0.016110554022804608
100254335	0.072007157560872	0.02996924780147596	0.036422949896101516
100291735	-0.05375003132579558	-0.03717889809073854	0.011485540720722543
100492135	0.08190767022283879	-0.03199925843426751	-0.06402749008527113
100515135	0.031195966157110577	-0.07918211398412649	-0.001544977671409921
100604235	-0.056740386417902425	-0.06328962456275793	0.02691792912600361
100604635	0.04934383502320139	-0.06686759680014867	-0.032062405374893264
100609535	0.07553142392021776	0.005458615359008325	-0.0017333415845486298
100610835	0.04800419134712132	0.011265466105304187	-0.08378859217508493
100681935	-0.04593208484059079	-0.055581742962242706	-0.012494415769904885
100685035	-0.058123351966613224	-0.03166973404981866	0.008229695621867266
100749835	0.008418786537409446	-0.06777096506732182	0.029473372652912836
100837235	-0.03641229922509844	-0.03222173212675447	-0.010936513139673065
101334035	0.002025526286813264	0.018615832318246633	0.06002569241740022
101357635	0.005992520092084467	0.0020373175394368887	0.11179992124995534
101558635	-0.04903940679853353	-0.009765688920826998	-0.023742480264989724
101593235	0.11477465312409732	0.08088478463171858	0.021349567430080513
101594035	0.024466995005285062	0.05067180672097323	0.07587884832998647
101643835	-0.055375919232955116	0.029293531724501016	0.046149712389306145
101905035	-0.08770135616301512	0.20033077630376764	-0.2529376272680888
101986035	0.07253185660824489	-0.009742545154525462	0.0029265699108701093
102030035	-0.04708235404795577	0.05796121527979291	0.041320948252590556
102140135	0.12174210917574536	0.07523809594400853	0.017462392428856544
102166535	0.05016942394258993	0.13304393101636935	-0.06729522740891003
102177635	-0.0030358851806293673	0.044773940025675155	0.07774717461036551
102190035	0.00010142783225072079	-0.0306628349017666	0.039287806964546146
102233135	0.05239044249356258	-0.020748953405735734	0.009525046339265856
102253535	-0.03909163382229801	0.02156349848726271	0.03649767916435612
102497835	-0.020290713362346825	0.0678121335231175	0.04283758870129723
102524135	0.011530587831565669	0.021989228196786153	0.05729652542049299
102536035	-0.00885152001074666	-0.014931719676491989	-0.01839556943844705
102566235	-0.10144437652033415	0.029722329533534916	-0.08188208244375006
102615535	0.047668065778703014	-0.04240562201071602	0.012054916267435423
100002935	0.06290586225215906	0.003344678134294556	0.02536449774294135
100003935	-0.027958593500226413	-0.03258040284134369	0.05078500014357321
100016535	-0.04966487961766469	0.0018323759582737987	-0.018907058686462683
100046635	0.01554018507557671	0.029402265487209093	0.05917493530524941
100068635	-0.004415735312602022	-0.070499266620651	0.010360458777260474
100074735	0.03219443641492381	-0.045495326283035355	-0.1111928076101312
100083435	0.04740042685720524	-0.04561625632901217	-0.07316684615653289
100341835	0.040367054384133606	0.061599220133352	-0.0787641979438382
100344835	-0.0634351495003982	-0.01848217063327074	-0.02090244805784796
100396135	0.0167955688053784	-0.07723044813072949	-0.004808485339837869
100431135	0.0029176335352665626	-0.015269319449261232	0.03133170732924197
100432235	0.05157843120584773	-0.005332058738723015	0.021931372804200107
100476535	0.05276722230636857	0.03250227757617798	0.13169537575988316
100570035	0.011285376334667	-0.05695524861537251	0.004110042722824081
100582435	0.002321349400812818	-0.08629364401726203	-0.03924635779345212
100589235	-0.07692744189251832	-0.02097471901527722	0.026002923897947786
100597835	-0.12934896146853728	-0.03491047783512948	-0.038604305704362456
100598035	-0.051407910153387464	0.08028689971018088	0.036669657409885384
100638935	-0.05432335522587032	0.10600637011037428	-0.0514220218570672
100766835	0.014663610842623758	0.005577290270628952	0.09669296040980264
100797835	-0.08450113074538101	-0.0165842074839146	-0.015773501516338335
100804035	-0.02367041854893474	-0.04849438890003105	-0.038549316457686195
100831735	0.039041837350101076	0.15027796305210503	-0.0786720508494639
100887835	-0.06268001843014742	-0.04732573532899498	0.08583254773579302
100995935	0.07258361718895294	0.057321513443767895	0.08873418656783226
101020535	-0.00548247787429859	0.05687515032736761	0.025415147776626797
101023935	-0.02804689980372563	-0.03353876832187932	0.06002458587009774
101038735	-0.050264569842248086	-0.028229286703349628	0.0088647944165481
101096535	-0.048872890211580186	-0.06394616346075212	0.04215409018624674
101119235	0.007890145916669335	0.021950410771298137	0.0785632362385257
101159335	-0.05441987201103857	-0.01402541168714185	0.1315231267267933
101242635	0.04987298638653161	-0.06333741223541041	-0.03952784924793621
101304735	-0.09761460042283285	-0.004840280280460749	0.0439729021297778
101576835	0.07003727148658771	-0.05691380458579792	-0.06987367228193295
101637635	-0.017727669352325198	-0.015376026275222483	0.051276563557535286
101867135	-0.06412977479483109	0.08064918056956157	0.033534286271851135
101907035	0.08814718641490926	-0.04366932874949672	-0.010229351859369974
102208735	0.0595626191375522	0.07713744223363234	0.007408212813534175
100053635	-0.03220296421042794	0.0029696998935408027	0.09669521181689004
100055235	0.01725012038476731	-0.07638383999584139	-0.032259692415058945
100124135	0.0679831003105983	0.009554652219783829	-0.021510993819060176
100128835	0.08597998310657082	-0.03540180677456955	0.08033315880493533
100138335	-0.026831201314279258	0.09425931469257616	0.0580073439943823
100228235	-0.10434745211752319	-0.002428458074449211	-0.07451920728802008
100236935	-0.000764656709585798	-0.05222017548978623	0.07212915720116751
100386035	-0.0656790655262981	0.0041805611409036015	-0.0007823065459453292
100528735	0.024198169669247496	-0.025821396441247924	0.006331764784330735
100637835	0.030845817496723646	0.020908313449108897	0.0020220944874728254
100638035	-0.019624443379508347	0.028647831091334966	-0.010673092883454638
100712235	-0.03857990211744874	0.14802996521842324	-0.09945406550286527
100713435	0.05784915722326507	-0.047748619628256626	-0.07694314810602282
100735535	0.009388417493036335	-0.010947307887853438	0.04578970628426968
101234735	-0.024671988917796185	0.04776917716804217	-0.0006270380977723227
101391135	-0.05488107654256552	-0.059143884677432104	-0.01644576050966205
101399135	0.06631583664913158	-0.04807375168890471	-0.057949001820870046
101402335	0.07780443268819022	0.11446286935158818	-0.006066599910069581
101692735	-0.04453756797733808	-0.029999649172259096	0.0015572336173257004
101779732	-0.05779809903599681	-0.011899438906920176	-0.013505124179717757
101920335	0.010107762871580833	0.039179985770472596	0.0014210344819788087
101974135	0.0708815228532296	0.10180843951155036	-0.00759162097577481
101977935	0.04883304395947258	0.015599561260126566	0.05872921122051824
102010035	0.048853198340274774	-0.005434503042221844	0.1051273843118718
102027535	-0.028715741492751964	0.0025783341932509537	0.09967336042372732
102063535	-0.05350359648512836	0.015910261624184862	0.06522354041453045
102081235	0.06247589235020937	0.056808028138521	-0.06152194869923503
102082235	0.06147769263067634	-0.03230180046784576	0.02667437356124854
102125035	-0.06389076440738438	0.03292863651039144	-0.04048995777189683
102209535	0.012553953448272126	-0.05052099273478662	-0.030332725615612236
102271835	0.08247018374611353	0.1562816621416657	-0.04498098538123802
102272535	-0.0019838706037796057	0.030524719617565123	0.08103426374131484
102273235	0.0794912629124579	-0.05225940476052298	-0.05470245622380161
102287135	-0.039891652454347906	0.004380952282343419	0.07105774301887251
102291735	0.04154856465154731	-0.048743103618226175	0.10333464228387787
102292535	0.05392294432423365	0.034131226467022255	0.08121343695802745
102334735	-0.03288308548825213	0.15604289576583794	-0.10997484426653616
102336435	-0.020746872673457307	0.12812324163058408	-0.09020380416778212
102404235	-0.11252361188250319	0.12055168618393808	-0.0790948655293797
102551035	0.06764667602500547	-0.05567515614446747	0.022590106826146126
100008335	0.0809501316020865	-0.014172287078936247	0.04320643779812486
100022335	0.04826309311624269	0.05205480138947567	0.07888148187989898
100058435	0.03142272189245979	0.009593383189843978	-0.0005797992726163355
100059035	-0.017215433142912927	0.048392641944459525	0.049134019252992815
100064135	-0.017889082130675995	0.06408192783021117	0.0346947622019126
100070435	-0.09124698793014306	0.06541228330377727	0.011137663188571036
100127235	-0.10058939622645253	-0.040595083173478486	0.02453537388640533
100220235	-0.03593427922158336	-0.06721264160510217	-0.04017475032026882
100220835	-0.011255384900721649	-0.09873640868981895	-0.007489707736580297
100234435	-0.0773115000598131	0.08036631334144376	-0.040867606550192434
100468035	0.024751322462725118	-0.08940025407121248	-0.009966267219119931
100578435	-0.053794929968473876	-0.04777099515444546	-0.06030278047018046
100579935	-0.041629362746444507	-0.054016733130289644	-0.06345971631912135
100792935	0.0940681135513323	-0.04264649275232446	-0.06702030397708326
101286435	-0.02386976536174306	0.11479127082814164	-0.07112058437038692
102389135	0.09210042604759087	0.03246622141886658	-0.011626270306509754
102499235	-0.03117006317928283	-0.0004007234460733835	0.102152256454416
102588735	-0.03904932233152777	-0.008125331372382957	0.014444974083523547
102268735	-0.034179868123611935	-0.026084810596789704	-0.008114101933843907
102161735	-0.023385845123134255	0.05043323059368006	0.05033981937755952
101997735	-0.10350862356130582	-0.08125776130640593	-0.065239605022364
102119135	-0.07741839540993943	0.03683598572950936	-0.009298632507816982
101581135	0.017835711355237087	0.09991819566188406	-0.04017106429803949
102226935	-0.0106486604848474	-0.036745002218722164	0.06315221994142162
101008735	-0.039701404146091995	0.09771977045737561	-0.08492037737371852
100886035-2	0.015550155841546781	-0.04096567432295892	-0.029301259357526505
101998235	0.023057089566891814	-0.07694483243185374	-0.03733168148959269
100102535	-0.028028754414059002	0.032818992870896936	0.02727905873063978
100220135	-0.0005616691052497658	0.058065266307547596	-0.004872033928373967
101506535	0.010676820716928232	-0.05666961771629955	0.053500394895260525
100153535	-0.0450208373657465	-0.011594781827819551	0.1083359006933616
100060235	0.0019207787459890899	0.08045952639945614	-0.009131346182818042
102148235	-0.0036508613279346005	-0.025596043604596136	0.003648657266577037
102560335	-0.005627436790807239	-0.07823339080783792	-0.03941569907296443
100230735-2	-0.049899405558908344	0.0468866821392908	0.029760019207136935
102394535	0.033987133502759365	-0.02531743854176408	-0.04824739949394182
102151035-2	-0.07130011142460876	-0.03700752346145987	-0.11822440354881104
101564635	0.057551786927984294	-0.015897063174714832	0.025382761906728755
101645235	-0.032910982562252375	-0.045621960913584676	0.02691486937517834
101882235	0.00159515913776942	-0.025321648254129837	-0.09431626538054276
100733235	-0.07536893756905472	-0.03969323462871802	0.03620557396209611
100706535-2	0.01165800411960631	-0.03779909891350068	-0.11959103496648849
100607035	0.07408162490724676	-0.05181052976137883	-0.08129964494994245
100115135	-0.028180564277987798	-0.03339664658213989	0.040719742007461944
100303935	0.055296763444862396	0.019918746148703016	-0.008836790631140868
102343635	0.05772045768530307	-0.058756566056971986	-0.06789919782029254
100164635	-0.013466185840862777	-0.03344774331526036	0.006569894312988375
102157635	0.11060562586163451	-0.0008431747173919101	-0.005939127526137182
100163935	-0.04634518929067034	0.07098277997641302	0.03209399039715178
101561635-2	0.0026931375937902227	-0.009684179528952112	0.031242638998537662
101887635	-0.07528583770993608	0.08299335291430349	-0.03020833798546876
102026535	0.02715708712723607	0.07041448149053041	0.004776588563903366
100994135	0.036577154784235545	0.09610592715613052	0.012888640894752003
101166435	-0.07880469326995389	0.04133143515482782	0.06425419838714329
102181435	0.04118630787460563	-0.02283728926401083	-0.011596877103078001
101972835	0.03106697757040179	0.07060256921523689	0.0013264981638728363
102155335-2	-0.007170709833937237	-0.045914916869469476	-0.054987656600840415
101024835	0.058615716561590404	-0.008646711468349697	-0.0001698573511687851
100364935	-0.007105308221651596	-0.05488270048586495	-0.030170767226481137
102223635	0.017729386094931656	-0.06114676296197519	-0.03571912808108299
100367935	0.00025436259667215407	-0.01941594193197913	0.012948111916645697
100524035	0.011240798519327185	0.03567422749215267	0.06815295006333218
100272235	0.04128806269098675	-0.04694856801544244	-0.09539537553614669
102249935	0.07045240729681825	0.07519874259164915	0.027733265195540584
100030035	0.055942639076011776	-0.04602048017704348	-0.04933190616991769
100299535	0.04514374499142946	-0.013031496001401613	-0.02092203192790824
100118535	0.03208890940156022	-0.02221147486816358	-0.08839443684273986
100723535	-0.00218768467496002	-0.0239339557181445	0.058604225800813994
100572435	0.037202498335467696	0.02170505518234029	0.08616469871368677
101884435-2	-0.06476435944948498	-0.028745290630521263	0.00042425315794663145
101981335	-0.020623450724171224	-0.0724797748352852	-0.04357362612245357
100883835	-0.019116257777573472	-0.051515793153999095	0.05826889899733866
101914535	0.003049489758079616	0.09688598555524479	-0.06675141004696462
100713735	0.019281083683780488	-0.0006461910361008681	-0.04405984322278759
101901035	-0.09892693531837903	0.057460785846186045	-0.003031095740563976
100017835	0.045499058276705105	-0.020097441730085232	0.0269037274804095
102302935	-0.03228241810177617	0.10387486809668879	-0.04005243523218906
100391335	0.09939673285830643	-0.044700169501725194	-0.08478927853312306
100335635	-0.04301424721498024	0.01057316836244899	-0.002611803674931568
100691935	-0.043575166113753686	0.05566974539064579	0.03602007136340441
101913135	0.04600776956073021	0.021954573634928795	0.04778158818868881
100802435	-0.06804120477499181	-0.07832598514617964	-0.06786841102885016
100336235	0.010821519948371345	0.011097310465594954	-0.04369407454784231
101517835	0.0467648136858744	0.04638251995075582	0.02532435870707624
100242635	-0.10760155106230646	-0.032217471659314136	-0.019772015108707207
101904035	-0.01998099504228273	0.025545862341766284	0.08571801450358338
101986235	0.007174945710014119	-0.06612425025619097	-0.030536960704736365
100139435	0.04967260895032033	0.02997264086615292	0.013582439987324222
100147535	0.07182174694522002	-0.02173383836395581	0.059609019918857954
101121335	0.06453879706996427	0.08498982326665869	-0.034069405385849516
100602835	-0.09023623814186275	-0.0004967938873528541	0.06377143561318525
100382135	0.08154679615845396	-0.01176889772666198	-0.07356789598013652
100565435	-0.05751530184422227	-0.053709354741945076	0.06690435142739376
102066435	-0.005087149463103942	-0.010761264153042986	0.017056934190159273
101402135-2	-0.05810926898300885	0.02286064175884729	-0.1048654670279604
101350435	0.0424137195467994	-0.03595169475782294	-0.0535126898090293
100715135-2	-0.004578397464802921	-0.08617089866893965	-0.016833835373130105
102010235	-0.01946115781299289	-0.037361397482648676	0.00803428373777025
100146935	-0.0037344813390533527	-0.04509771641466665	-0.06670145105212023
100066235	0.05866998781113548	-0.015173387368726792	0.035011150358355204
101564935	0.04546214867613646	-0.027305715936312036	-0.06957642588308528
102125535-2	0.068746754488912	-0.003930856889662677	0.026340011555280846
102097035	-0.0375374688936485	-0.030136480440642446	-0.017037340621969526
101536335	0.020850092728177845	-0.09745338378266166	0.028919915947389258
100123435	0.06543992178778428	-0.05314143974532062	-0.0357424710426299
100080835	0.010576884352338436	0.01601921444720234	-0.018111287515714353
100467835	0.03570934668303029	0.006071579667580417	-0.08137119196262887
102366735	0.04384591711907206	0.012258207533656779	0.06090359888458981
101559335	0.013000768123279159	-0.04549565071115287	-0.0005484146170095796
100146735	-0.06277505444858096	0.07598334197874099	-0.0014453072695012586
101041235-2	-0.10037725807782544	-0.008556708169057146	-0.030692912991812874
102281335	-0.01752972519285447	0.0475805963606266	0.0541559968656703
100182935	-0.05691321083957641	-0.04134200218511409	0.03885547926854531
101513135	0.037269736834012704	0.04410955011654367	0.05835325776145991
101262435	0.02896860560082557	0.021821708719175992	0.10894794593189941
101669135	-0.0734442937341836	0.005342123888350643	0.08720238940214693
100117235	0.08324727953692615	-0.05127000231703856	0.024063066223454478
100076935	0.023776320282724393	0.027556388280259598	0.03391712376741991
100496735	0.03131101257946559	0.012474060976029244	-0.026433749268518856
102042935	0.06042350127697732	-0.04075842687216922	-0.04379239604864617
100186835-2	0.0703854409840889	-0.035448811039725185	-0.05737280903042165
100113735	0.003068828764134566	0.021588357534617995	0.08339083468769279
102238935	0.008642869782934798	-0.05932336937477593	-0.058960747001501085
101987635	-0.0584428501512982	-0.08132088351966137	-0.03301701521973389
102089235	0.06324404345209232	-0.07259399446765687	-0.0007554400504247824
100072435	0.07880495922243885	-0.048741988504465164	-0.04643293089945453
101025735	0.06239848576293221	-0.06950725080727031	-0.051005151095123935
100744235	0.027252193227637184	0.09772749591875933	-0.016042453441083616
102137335	-0.029667757940734805	0.0041185789847303055	-0.014231530348842735
100854535	-0.05412519671298623	-0.08077552819256703	-0.04208062096690542
100092535	0.0286967475237753	-0.06030901228690681	-0.0644265019450924
101354835	0.011951578561232865	-0.004250812980779086	0.02992934649585146
101989335	-0.07505171309119688	0.09606338451935849	-0.07121758148520929
102149035	-0.05701703483501329	-0.039027094171714065	0.010882023466204444
101237535	0.04255303599191133	-0.0025961967290668822	0.02222657453579199
100147835	0.08851540232047883	0.07277537321207503	0.065635428881682
100432735	-0.09625852461464414	0.0216892231949043	-0.05544329271516632
100494835	-0.02266218102849908	-0.09076235302027816	0.001831232282113894
101558435	0.08750136631396678	-0.019832593510241886	-0.0667629556653591
102033235	-0.05380633986697333	-0.038257527705233337	0.036973130139209165
101505835	0.006937760978983607	-0.08249498233967768	-0.008983957339440754
100260835	0.07235773412429616	0.06319557061596899	0.05211593819855631
101281235	0.13238014613394017	0.026236489547478842	-0.004044637623894119
101883835	0.04787060663754847	0.009901194569556399	0.05718409731939009
102208035	-0.02777987148017499	-0.08173543600947815	-0.057618905649828724
100073835-2	-0.05272885466871767	0.005429783203536929	-0.031522334447398485
102140635	0.021429863920358585	-0.01836563464077715	0.05720496879190214
101635835	-0.08972512576727724	0.017832552141303266	-0.06714951482881766
102192035	-0.015288844742049404	-0.054587698586016656	-0.0183057151978783
101043135	0.027813958851878377	0.07857333839409303	-0.006734257067662035
101012535	0.002603998533244766	-0.04488832878346018	0.009143779694572028
101699835	0.037350348375422865	-0.0057442037540596175	0.03166516626635707
102273535	-0.0001453010137253101	-0.10889466995727363	-0.011614629794842998
100166135	0.06543923199845561	-0.036002438851749675	0.03438259967686978
101949035	-0.023849380554177336	0.02157350382041326	0.058001088096801504
100604935	-0.06649522325431621	-0.04253555857718249	0.014880894008430231
101399835-2	0.060379247347538766	-0.049269367673087476	-0.061731345776939776
100566335	0.05973265490317373	-0.0139299512999425	-0.004426476087603892
100306835	0.01580225134922387	-0.053536896413259955	0.054260464572256015
100245135	0.06845376862284958	-0.022271989536288343	0.018809871338467777
102066935	0.08956961670795864	-0.027521255924104458	-0.0961718109078115
100588735	-0.07801103386699179	-0.049593685413068786	0.0006217235537635383
100079835	-0.13383776325719943	0.028622503356158655	-0.0890625211464872
100085435	0.0754128134471384	-0.040666435326541246	-0.07288607467814585
100756235	-0.05773390682200167	0.006515361835201888	0.08271343551861299
100974035-2	-0.12734420415960582	0.022949258322870595	-0.10888154723566926
102213135	-0.06301166183531516	-0.05560063514608824	-0.0947917643271846
101043635	0.11288695262313762	0.06264441857466442	0.03963733726982491
101910435	-0.02152404630450158	-0.0057672568454257694	0.0061841661227222695
100023935	0.06495990935066566	-0.005829951320924003	0.014964096548897448
101355135	0.025624787729089486	-0.06111735761493227	-0.031081608766159098
101170835	-0.11959165702677631	0.07330645288348894	-0.03314914323194077
102015435	0.05390119357680924	0.10415887631591267	-0.057494566953928405
102226135	0.0716560316330935	0.05164103691275698	-0.003931163115203816
100306235	-0.03505035849270836	-0.060957639866822094	-0.004175437367216064
100048635	-0.08987306645620137	-0.03180023141486898	-0.013381073685942248
100732135	-0.013518760414044725	0.0020653445518255343	-0.013899389167642778
100569235	-0.023339403305903495	0.0001354182366301266	0.12186626306297697

Biplot	0	0

Site constraints	0	0
